070321
3720
123456
372401196002270532
370102193311242919
372401193202200519
ycxyybwqj123
700628
123
760609
196608
kcsj712010
603503
361010
730918
xhyffycs
20021122
991218YONG
3560
760609
2005760216
123
960101
7758521
197411
19780506
13156100400
sxz669
101423
maxj001
370602197408315219
789236
520707
123
370103197312042024
372401196811112710
7777777
40025
123306
2001110009
780603
xuren2011
070275
123456
975425
010577
123
221966nn
19806
205242875368
030609
420111197704145027
372325197904235621
2008zhangwenhan
3009
181210
552211
20040416
540411
370102196911120038
740921
123
933601
370103197910105523
760116
88253016
196663
8253033
666666020202
801219
123564
511110
050909
770830
96612045
555677
044105
859668
372431198006085016
03162135813
827721
381209
611326
singoldcn
770612
370126197907082417
651160
suyan02171017
8253043
327802
821210
songyuanzhang
123
19490128
250104
5383729
135891
200044
765062
731024
501206
spz123
7232702
133457
197712
761115
197810
123456
194710
030802
fangzhiwei
866971
975864esc
780911
802419
768318
316793
370302197812178029
ningning2003
370212198005041538
20040904
hz00326
820107
194410
123
821230
911657
19816
19620826wgl
123456
123
740520
159733
62120166ABC
123456
v6loveseven
031111
x1i1n0y7u
200382
370103195503075815
123
lei521314
zwqyxhhh
123
9300
005186
19540428
123
ddz19609
123
969696
161616
227320
197302
15820000450
582518
711110
371082198001170710
574815280
1234
123
370102194010192916
31445791023
123
456789
791202
790712
19810826
616808
198012
19820402
19800319
520507
159666
112211
ycxy4016
9984035
19791212
19820119
88887385
xiuxiu
123
820520
685659
791015
193653
826127
482547
1939
jiayanjing
110305
qqpp12345
123456
336339
622600
761016
196649
448313
zw19820630
213121
810218
821020
362819
371202198112036839
197222
835237
829666
1271875931
8360610206
910911zg
7422292shiwang
861411
195408
603117
123456
663328925011
320518
090925
123
lianxiao
biiawihc
810917
123
88253140
123
198205
123456
hbx7393934
372901198109248729
fan2011
19811031
123
123456
1982829
140240
717410
135246
626225
office
090418
818488
553553
6735066
891228
370102194312132513
370104194207280314
1531324
821027
372323197906020349
12345678
123
123
789456
123
811016
sjcglh
123
108010
790414
370830198401014764
123
19501
196805
lihua319628
123
810924
5383729
855872
109405
515626
370102197905252127
803560
771005
111200
197978
741105
87976520
792135
800203
369696
123456
1982124
123
800611
0492336
666666
123456
yudailin
19811108
031197
0913
115416
877911
008123
090929
200096
11081230
112482
125150
058838
200139
wuliu3011
122878
991188
703372
831002
610526198210156726
196911
510601
761215
19537yue7
123456
810305
19760920
197500
1120
821210
456123
65412300xx@
370684197602064841
370612198009302223
801216
82723100
060918
451280
135926
gmc19820209
++333344
88937125
361010
196224
6714209
269962
123
820928
790616
650102
830208
528209528209
123456
198274
niu198263
123456
818818
886629
06180807
456789
821018
123
20081218
841718
952347
198210
19591226
820126
123
000927
liruijixiang0422
19836
1300170
550620
750704
197709231104
13698613625
9624546
xucq1520
19701028
sjczzy
2597758
370121194311117417
gotogether1966
721114
1212118
043317
730420
721718
123
080614
123
283200
370103196503264020
195504
540910
60270562
370785198201270923
370103197908055010
371081198308129660
371321198102016118
123
zk820824
6415531
8116155
460224
820221
556677
1234
19727
37148219850402395X
4387
8256745
19840423
370481198302180968
792021
461012
lizling
88253034
760125
13864093148
pingtao
782126
6781189
385588
197635
790814
052331
8933402
231490
lin990711
jinghui
dh3538046
800919
047679
16897766
325325
157945347
110521
0220li
851807
710322
780226
zll800305
101326
151639
19811212
060528
sheng85321465090
830609
720711
810224
829721
197726
020516
820813
810807
19790524
1982742emily
123
756256
525482
990208
xujia-2008
200001
619515
DINGMAN805
71891008
833307
820201
932518
371323198210296121
370112198101047424
715122
123
1982519426
chaisllj
820211
070700
20201
620929
700410
820415
831015
760523
480426
135246
716629
123
19844
850814
830510
412726198710096753
19480307
780611
lyn840919
456321
lidejie@635521
济字第05-00067号
333333
120918
198499
123
123
198209
370727196110260014
830516
19825
775852
370102198207194526
370702198305060735
370724197211293902
198411
671212
258369
1234
370105197508112533
1983209
370406198305062836
123
371402198401020316
830612
qusiba748
6220406
5798366
wangxuan
372928198311302418
19841021
93153229
920922
475076
12345
370102194309112917
420826
719261104491201073
370102194311074526
370102194510203319
090612
370111195003142014
501001
700101
224466
370102194607250015
123123
432627197503100027
123
691020
231200
110110jing
296308
011126
336599
830204
9819077
198198
791218
QX10000
760825
19821228mhy
45914592
1278766
JBINFOOK
198012
951629
20090629
811014
123456
843666
648816
821008
621115
810928
811130
123456
830823
820828
200081
77009866
521314
816196
808080
841025
370589
198313
370112197912046818
372928198408040223
24687531ronnie
370103196511208715
371202198103080336
6011009
19850214
123
19620408
fck2010
123
884265
123
102030
4023237
371427
19840605
620310
032328
2007120021
xin840810
CHULIU1999
123
656793
200504
927927
708323
575985
831218
SS223416
621021
1949111
123456
808081
022014
501211
370121194601207557
850420
610666
830815
123777
3309
627725
88253049.
820101
513322
370102194407212516
196028
451603
lixi82962269
123
123123
123
198011
840114
8765108
1234
581255
719317
830121
811017
19802
14032119840506421X
369258
860404
1437
5327260
0418007
266815
005866
19850302
372901198107209216
13700527028
2940789
28212088
xuyihui198494
824051
001125
100715
19849
123456
123
198329
246700
975300
19479
370111195611122017
194510
19470215
371327198301043731
6844847
699718
123
370781198205153278
830115
wuyigirl
269664
liuqi12345
6364022
197511
760402
nicole5218
830123
19750420
19716800
821617
123
197151
1qazxsw23edc
198212
830214
761122
19819
370481198110265617
820502
361978
810620
830930
22282251
191316
123456
123
50101099
006413
781222
800121
137137
wyg3372046
198186
05364696233
1110428
852123
370105198006283310
370911198008090425
370402198106023118
370285198106025922
123456
370683198108108528
370102197103042515
410184198308080023
yanying521
521liumin
6546587760
801208
wsrywsry12
1981814
19830607wt
630410
613613613
790424
198702
19801
66721671
123456
yy225001
123
200920080628
19761123
820312
530303
973219
126118
890520
673266
123
19521219
20080909
3009
3009
370282198701021126
ccfwxt
780921
wpgk3099
136688
195108
810123
135891
332925
510731
370782
19842253
dd1ww2dd1ww2
258369
450927
370103194708122019
841023
23030219631011402X
220483
328524
428300
198777
585477
850525
721718
123
198612
369369
88613409
15230119770917610X
123
123456
121234
123
370830198602054033
19853
37110219870628253X
678977
lijing8810
616819720
198111
004468
19851028
123
876389
xiangqian411
19860927
19863
shijun
422630
422630
LHY5211314
1216wr
lin195652
310708
meixia#@!861026
19866
851021
371322198606205832
19870103
5211319
caojinlei860406
37060219870326464X
88253026
mulijuan
198411
380963
198601
198612
122186
370921198603200038
37010219860531372X
37010519851012532X
420982198510200124
123
123
490126
370305198303292425
370983198009156918
370102195008272516
852456
2002010310
791021
226000
6362410
091827
781016
haitaohou2006
818720
578926
372501198212260345
19851127
198222
zhaosha0520
370784198206242044
123
372928198312211526
13306413607
ihityou
gl6020
560927
120880
122223
980316
090426
090426
19820612
761012
20040909
370102198312074526
300988
6029110
7252851
778310
121005
754354
810290
isabella
123456
111222
123456
zzggff
123
668899
821209
13789811052
897530
621011
openthedoor
19880128
540106
750304
130984198409060917
131121198709220013
880128
198722
881206
19880104
n75x2kke
19860305
170825yj
houtian110
julili1234
123
123
520826
398715
2653231
19820119
12161216
1982723603
8381806
370102198403192130
198501082825
2602903
793168
1984630
820807
88328268
magaohua01
123
05361828
fuchao
85386608
006005
370982198112260610
@lll111
xinyi44301766521
123456
631020
453232
917403
19811223
123
892356
232623196504056673
370121196607261513
790325
zhuzi1973
19891115
19860411
001122
zhaoaijing
323021032
871024
129141
198768329
865435
124628
19860514zh
bayanhui123
qiumingshan
123
6875062
919214
2650637shb
333321
370304198710031330
4536048
198611
qq123456
988314
850331
370881198205234428
370285198710032336
33853092
029788
13589110637
830330521
19760615
1985523
778899
15165161641
19880225
6418692
860423
198841
37010219851122411x
37132719820404154X
841206
660525
1985312521
222451
19841012
2002211126
370102198708202125
161117
yfb1107447
100310031003
lxx321521
500522
661022
830911
650530
123
886622
19840413
123456
53372960
123456
969696
520106
123
123
19810828
19820119
370112198610156821
891113
525788
lide329731
860825
2751958
123
woaipeipei
561198
370121194911052012
3270084
19850528
816926
995511
198495
020601
130926
11mmm11
123
19840528
1008
37010319460320451X
800214
123
370281198103075320
donglingll
370619041330
crtomato
1985627
811226
1013119
zhaoli1224
651652
wangfeier0531
070618
130929
521521125
19851115
831031
ronglixiunan1982
853200
000916
830106
19890401
zyljl1314
19801226
FENGer1808
142223198204270024
lizhenhui
sunnywe111
1056822576
231317
363878
266466
amituofo
123456
19810828
lihui0526
370282198208020816
zhang37656607
05395810346
19850721
19820414
198209056311
viviantang1982
19830913
384271
19810916
123
huo860704
370802197605172449
123456
ihaveadream961928
050044
913723
830522
790820
9830412
yuetong
541429
3009
370181198203037166
103712
395876li
830522
821023
5677081
122221
19500909
pomme790828
jiajia198513
920208
20081109
370902196411040924
06144389
0632552628
369369369
06144389
369369369
zcmr8087ssxy
123123
3009
yxmbhqcq
yingcai
821022821022
123456
19870106
123
198236
370102194911172971
123456
123456
19700520
220602198810303111
123
370883198603182814
3009
15866697117
220322198907262415
3009
yue85468296815
370781198208234022
020304
908510
liang801020yu
214356
198625
guodong111
444999
1987411510
19811130
881166
780518
3009
370112198811067438
370832198008035238
830213
dongcr
19870811
6840123
053681
89.10.11
345543
881001
l5285657
371328198610174520
10030608
860814
410901198912244541
1982830
695895
110400
028596
250986
370627195002010229
370102196311174519
727399
123
123
660319
115544
123
370111196803302316
xu1957119
880629
023025023025ly
830915
dongdongliu
lxy868521
xzq@1008
276413
816859
jyy359210
160397apple
370105198501130020
wjlxc1111
370112198703292021
25278882527958
371312198503155120
19830817
641014
6736182
zw88253001
123456
220203198702024814
370602198901074628
yangxinjian0708
19870905
figo434995
200701
686621
880920
884123
890327
718928
xuzhe516868
wangweikang
897259943
123456abc
370830198707010846
lxl19880730
0348530946
370785198712213699
19850710
901107
19880805
370781198801076029
370703198806300529
198812
198711
liyangyang
908117
123
123
130984
220302198811280648
370902198907294222
19860627
yangshu0623
20041107
zhouyi
370785198711096873
123456
123456
123456
19870119
124410
238974
123
161
123456
763436
212303
370919197301201661
123456
780216
89633866
19870828
123456
871127
19850716
13964126887
110189
19861203
370102198507163721
123
19870111
mhh868686
123
19870111
851221
123
159357456
zhang370321
2200366
870719
wangyilin123456
019019
1988ting@.com
13050840391
yanmin
159357
19830225aa1983
123
372523198010250817
081500
596086
565883
HENNIdanaini8
ycxy2011
123456
198775
810917
370902195101070939
123
qw13869121718qw
842011
rongshuyun1979
zhaofeng19840225
liuruyi
654321
123
370102811030
545454
123
12345678
851004
19861227
194919914
songjing0208
621002
tianlisa912
zzq654213
lq19850223
dcc187079504yc
DKK1986
370104197807082630
199166
5104001053
wzy911
303204
731010
741023
123321
881023
20110730
58910301
770831
bao123
899899
861105
7894561
shmily1222
yanghaiyan276018
xiaowanzi
20040510
cuiqing981022
10521168
053187973516
87967557cpl
820325
123456
5075865689
070709
590717590717
021118
xyfei2957
lshj712211406825
5a6b38
842919aaa
123
001221
123
053187967798
19640115
8548421
maocun1314
701208070117
123456
wzy911
19860614
198696
370923198110230426
870713
shmily1222
370112198207248339
811208
122489
0826001981
200203
kongkong123
151533
198516
130104194505231313
37072519770212216X
2008bj
3853764
656687
honeysun
898989
19810817
294078
123456
bidcnge
370481198901260951
821018
191101
05352488529
nana19860402
103561
032638
123456
370902195101070939
yifan86216
147258
371327198907193339
19820712
220077
370112198203024530
123456
518719
woaini@
403237
123
gwqvictory
999999
123
123
195894
123
120120
19891026zzz
001215
195622
19881112
370305199001011530
291718
15806620965
luming19830617
13336226901
123456
37292919830828637X
13370539328
370102195212032915
266815
8399624
370982198604205570
caojinlei860406
13834427611
14763001666
746gsp165gnhlzxm
123456
123
000626
l54321
123321
wyl8518981
123
lan2900sh.
xxxx1111
800804
ycxymm2465256
561027
802581
123
841210
123
87481707
370724198404272061
780323
678977
520521
7820127
linzi802329
gmm@0818
23108419890510374x
393547643
201314
215725
3082124a
3632039
yxl3927750
19881001
770103
048198
lijingwen
370982198410092862
850102
867726
8506171001
19821024
aarr584521
370103198905230025
liangshan
123456
liu878226
1989144
123
15154190958
5062526
795301
19860904
891223
`123456
929127
162311
15169091449
128069
89.10.11
898882
sc1989yct
lg0927
870110
900118
pan15154156715
123123
891206
123456
tangqiuxia1314
891210
shikeshike
ljy20115188
cui7200807
jia324287
123456
090831
19880815
271434871014
559520
tianpeixin1022
3550300
19880924
432568
3225623-abc
1333896061986
jihaiyou198812
980408
wjgicige7202
caoxinjie
SHANG871220
1951yun0220
370104195312171616
82451217
1203.1016
521521
123123
584520
321900
123456
zhulin1979
926926
zb1206
899993
232131198303053128
sdycxyzp
15192626631
810317BZ
duchaoaijks8826
370902195411033914
liujian1985
4454166
610324198204231319
123456
8350392
liuyanli
wagxn080911
370104198402171912
wfzpg19590528
244206
201058
820718
290220
302302
601112
juanjuan
111111q
420729
1718115211
a53k1nZ6
910752
308403
tt20110906
y19670226
wjl4801325ts
guanguan1983
3704gxd
831106
1988daniel
121022
wql6698306
8971518
1985905
lolo-0
10140802
whxhssxbd317713
991027
221589
561212
19850119
671101
810824
181618
jjdxsh2009
sd001sdW
minyuyu418
19860821
13001731015
123456
711812
psychology2012
5210625
565161
130649
4151025
19820505
8830708
19860220
19832397
loving1234
071768loveygg
864951
5474266
850429
19741209
370683198612186429
200981
37010319630113501X
370102196606083314
123456
005263
31415926
13792446008
880218
01
02
370102196601010000
03
870819
06
442547347
870819
112411
252413197003014556
qzxdyy041003
867163
mabaolin.122513
112789
850220
999110
370102196206013317
123456
657441
372833197004093012
230702195507250938
wangshb
633521
520111
293955
370105195711232515
372526198305231014
xjl880214
37011219900620203X
370112199109122032
100925
372323197906020349
woshiLzwei
001204
930318
awem1257q
wx1988
3009
sd123
123456
258369
1060304001004
wwtzll7
061077
zy069069
370112198810267737
198617686
123qweasd
19840512
870826x
657094
chenying123
37012519570705001X
13615314987
888168
QIlinYIbu0216
131561
5399
19541117
370405195010273648
19660129
123456
mni850512
370102195107122118
372502197009220470
123456
891014
15820018202
2862612
871014
1029hu
lv119119
123456
15908083716
771020
19851025
281660
xg@19811019
610104196504109512
3009
370402194912141911
123456
370102195505054123
371502198611140717
1970519
15153109266
112233
050929
19900115.
198129
13065014896zlj
891029
123456
13255338588
19840327
122327
914993
890912
yangzhongyan1222
6862128
123456a
03171018
850610
123456
hmily521
71611499
880702zqm
008341jing
832238GUOLIANG
yueguang96.
880201
62363803
841029
02110728
86132000
jiyanhong0826
431510
lywmtwssw
88036742
820302820302
10hao420
gjy123
6650119
zc2262
gss923
xuyanli246437
secret666666A
20052304085
8242066
666666
370103198511138541
19841030
123456
123
zf199001
19890628
yantao8860045
123456789
372928199001051240
262918
wsjy123
890828
1234567890
990720a
jingjing
646590
370305199002191529
888888
283526
410928199103152625
sf2733258
608301
coco775858
051990
370304199103011025
900806
199004010440
lyy12jy!
liubeizhi
LI900109
061544
828000
yy102425
100705
sunhaijuan613
198932
122216cc
sunna1122
xueyang90912
zhang21606500707
237348
900908
727116
880725
123321
1122
888902
080829
904280
mengqi20081
199004
199028
niushengwei0416
521mama
yxh1234567
zjf123
837083
046828
YangMing.com
ligang1
KUANGCHAO168
gaigai588
728131
622722
1234567
065941
meilixinshijie
520815
jiangzhaowei123
37028519803265910
15264101444
372928199001051240
727116
666666
18663766686
130724198609093820
13072419861207281x
370882198610023241
370181199109280025
371428198407140558
198842
666666
150403198704011024
liyuli626
zhong425216
370682198612110014
152127198901023047
wss577273
13651582497caq
19901007
19861013
150430198810293116
150430198805021327
370982198802167704
569823
541212
370785198908161245
231182198205076421
yangguang
18678859098
371521198903056911
15020319910721015x
141181199103210059
372328199106292718
370724198606163496
152801198902100010
37072419880222345x
370322198806054214
371526198601152846
372925198903143511
37063419890211002x
210502199008280028
5975162
19810813
721529006
771116
276413
123456
050406
7922678
90868181
163521
122551
780817217
123456
370105196408153368
370111196209122021
37011119651120209X
370102196308153345
370121196504117420
630906
751016
370102195105290820
370101194801011234
05
000000000000000000
19821018217
860222
100609
1000008
1234566
8506171001
123456
6122910
lihuiying1029
aliqia2008
370105196808013321
wuxin19871008
123456
636494
19571030
370105198108212513
123456
830125
6746485dongqin
258159
370102196207112958
13011726782
650509
xunfen117
960426
1357810
601228
110108196812226451
361806
828905
421391
788208
zyx2006031125
19881008xuya
jplwle40
063414
zhu05248658181
219128
bbmm19881007
666666
20081217
1q2w3e
dingpl0621
516127
870415
571118
cxiaomei870425
chenfeng1988419
lixia524
521xiaozhuo
7214739
372301197209070027
927102
123456
13606356016
630106
wmr021030
198403
123456
021327
666666
hu168168
421392
0007228093
820418
13963407587
251248806
871022
1728193187a
653536100
87878787
001696
392912
658028
531023zrz
zdyyichen130201
12091987
zhaofeng19840225
157358513
211314
yxyzpg
duning0423
840822
122171
230302197106275322
fengmiao880419
841017
Mao131730
555686
731216
19910815
518518518lj
07151244
kitty8698318
370725096201080219
sxl810766
05356647094
8868058512
01311027
11205966
6655176
csz85786569
20100909
370726197104253318
13225312599
690305
370102195703092912
zhanglei0000
051735
1987
370921198912104613
371522198504162318
370921199012201236
151515
370831198507165823
609710
666666
870227
19860620yangyang
12345zhouzixin
87438453123
862116
18660400696
370283198912262639
411424198909184224
370111196109145218
gtxy8711xq
fuxiaoni910
zxy550505
xndxfxy2013
7701222
384071
520521
wyjy111
232320
370102195006033327
327798628530
371323198802241234
850219
zhang660531
83960376zds
620502195608270016
370102195006033325
18754136256
990948
pujiahua
831128
li2020410
370122197206222717
00001111
828000
yanyan1989
371324199005128373
666666
37010519900714291X
061511342
westlife
SHINSEN
jizhumima1234
648906
woaiwojia
ycxy
370102198709264926
5918472001
983823
chenggong123
860124
chunmao1979
sy8329937
2365026
ccl5211314
5488142
1029384yi
890913
wyl727
729917
nn2580.
123
15098875732
mengxi1314
401274390
055459
712730
1990518tian
199011wh
010866
yk19888
wjs520wcr
lijinjin0506
100707
buhensihuoa
bailu518427
090811
5053019cy
15866678680
911014
294364016
123456
gaomeiling1119
lilianchun520131
199016
168898
jianhua5061157
mxl5211314
973027
900606
123456
911014
900622
wys1314521.com
www2013150068
901124
302622
0418007
198912065448
243649
123456
123456
Yuanqingju0805
19900301
123456
171835
370683199108053226
398115
330681199007046246
38997447
130730198706301430
1000yearsold
4883178qzdctgm
Xuhexia2
05353209208
51XINGFU
329528
xin201009
881213
liyao19891314
sendoh
521tianhu
091823
870815
01042911
338537641893
345246850
qazzaq1
56120732
370112199211041036
84854768
w20050512
227320
bwzkcz
198349
wq9421527
881260
603751675
chjxx110
911023
370103195201277511
yanyan110
370101194801011342
123456
371122198804187232
juanna
88118791cxp
320102196605072876
370921197605144530
372432197103261407
372522198203292224
230106195903282010
195561
123456
37010219661222294x
371083198806232516
wangwang04140722
4503407
990121
184011
638109
702512
2014110003
370602196811114324
330103198011041615
220130195415510214
37010219760529582x
371321197503018822
370103196810155218
3295snow
370102196505103320
CIVIL0411
562001493
196405
12010319651101544X
370102196812063728
882266
609932
1231..
wanghui19820111.
honghong
jp0m8qq4
ljj820112
gao200713630127
541888
5765180
1989830
lijun
123456
034520
123456
123
214028
haoyunlai2014
sixer-3
yqs814315
983119
159541
yinshuai2014
jinkui588165
0633276532
ffxjarl0912
ding2007
370724198904171865
haijing825
1234561!
370323198701061027
2191234
lsnj88
832198
myself0
asdf6278
cy7334053
huan119629
820718
hero19880126
198704183525
wenzhi1595311
albert0207
songqiao913
wjzcy2013
cciccy77
F54M88W929
13678826175175
wenyu19880104
wojiaowuyanyan
89089991abc
19891001
910388
486388ab
shuaige
ccs246912
weizhiwei1028
370104198405271927
jiayouyes2010
gd198783
881019
wyjwjlove
371222194804024568
860408
cyj6525633
57huang57557
19890501
sj891102
19820919
212506
861020
521woainiwang
xxx666666
mengzhong8817
libei9966
2014110100
225118
ctq1281
885yy21
832832
0558022
12010419550509602X
37010219671005293X
yxy883170412
19611214
dong851268
xph198903
sq714726
123
084319
zhang123456
1987422
315316681
640326871025
507057
mss19890313
ma2007
wu0750103625gui
yuanyuan19910201
baijibxd123...
qing921106
huan287227352
sally999
370105195702033370
890529dy
198218
1321051122qqq
19880205
tcq11080809
09150812
zh730707
jiling5200
370111195512165249
cf158ycxy
195333
660710
370104195307210318
370802195201162114
180517
1926321818
822433
xing8436
binhao369
545582
141521
970319
891120
123
890328QELOVE
1130102209
xiaoshuiyigeren0
123321
KXLDN570808
lxf911018
123
caoshuai870613
940215
370104196301012243
Ltt906418588
521520
644929245
880703
370125198811011954
19870121
7012
284016
123456
23040419860113022X
479421
411381199108165628
LDD199084
100413
yy861207
1987817
583883
ydbnh0731207383
zxc123zxc
woshi228
maomao123
sj2626
5942shaoli
24152120
100330
ssklhh
lxmshl521
88472727a
Yy881107
052928
988522
mm870412
86462961tianrui
20140505
326161
124124
QSYLH893309
19901001
233129
zhongyu52
1988111
sly123
shangzaifei1991
19930313
lijichun17
QXXQ19911227XUE...
xushanjun0425
zhang787724439
19920507
zhang15865688511
yan.121
910808
cpp112727
19910302
woshidiyi884423.
909312
123456
3039gd35
341224198902135375
gf258923
xiejing910423
785214511
mxs123
wyf121314
wq131478
wyn219428
520508
jinling1126
920328
gaojian
lsh13954137354
nxy967818
825898495
123456
wxh123
CUI131417
06114943
xiaoxin1990413
zyl0963
620421199010285813
22028219910301143X
230221198808102045
199247
370781199201121476
305324
369741
yyf199266
513902198909149175
911012
xavi2368515468
320723198911062418
123456
520168
691011
19910610
314784
443456087
zxt618607
199214
03104175
19900812
124712
zgj821189
cgm19910221.
919521
kmhwmzh750578
620105199206131027
shy1987
2013jiayou
18847187703jjj
158668zyq
11205966
wangt8652
110425
224967
197601
831007
wk3695118
xingying123
395588888
19920916abc
900908
123456
62363803
wcy2014
981120
895147
SHENNENGwy7688
870328
wwj13931882873.
913204
ll880819
0824yueyue
860223870925
123456
yx@881010love
123
7103004
sunshine881202
123456
841022
370103196210284087
57648488
19910114
900304
123
370102196509299519
woshiwhm
900906
677316
620106
686868
zs914112
19780508
140127jx
19890327
541001
yingcai
quping19870323
dinglei722
19871101lynn
19910729shw
nana05041205
290912136
kj0123456
zuoleino1
350532
ykh110
370126198706240428
2014220032
lishuo666993
821102
6211990
249454
6761669
zjzhzh010203
110112114
128128
8451765
584521mfbsn
123456
750218
home2745091
jsd1990
101226lmy5210
123456789012345678
370102195205142964
88251180
371082198709045325
370181198101013032
370181198310072127
021016
370282197704111712
69194657
370181195805163860
370112195611117417
370111196610072024
880920
bing827517!
1qaz@WSX
123456
j372523
123
123456
110618
370781198306142762
370112198801189626
88252087
371323198712021726
230823197709152451
pang1127.
372330198309060025
371082198801104914
370102196309243318
8915115sx
370982198907214968
11111111111111
Luping1101
891117xy
123456han
sunchizi617
ygj198977
2237561min
maserati
yingcaihpy
xuyanni19870129
mimacuowu89
886688
14u6a75x0
370921198801161527
371202198907291526
gaohongyan
372901198612203974
406shiyi118
xiaokezili123
yanglulu
lxm1234
lwc890215
kwq0663306633
370802198804121219
372923198611104446
eva1516903eva
lixinxin4286856
tianxingjian111
371323198506196314
890926
jia19911012
bai1986529
19860802
jolin19870711
130522198811073221
7465326abc
904935
bwpgln1208
618033
xinxiu1011
ssp586858
370405198807171323
370323198812082023
abc987ABC
xhjwyb230310
2468#tj//421///
yunli@1027
372325198906064066
371525198811190326
@WANGqun521
371424198809205427
370306198601220602
woshimike1314
371302198401020628
370406198805020106
370724198509272076
37012319881224292X
371325199006070026
370103198805255022
411023198811176025
wanglin9392
luchenchen881213
jiling5200
5891289312
15216441703
wang#1989
370983198906193225
19800806
3612588xmy.
jYjdXd101253.
371526198909112816
918928
371082197912189360
zhang987658
370785198502280682
370481198806016053
dingqian890321
370304198912176220
917986
370923198611153123
370302198905012954
370983199107030045
370112198508176834
2015110102
370704199006032424
1110111111011111
370303196612161771
370103196206105314
516178
640103196303151932
37078419831110054X
412727198008034516
CCXSGZH210
37010319910117152X
370103195410214038
xl975698
wzy19820706
372430196102131611
370112198504251518
340621199101092850
370126198806182114
37010219610915584X
Wll5211314
zs7711328880612
130802199006090219
37232419890111032X
yayabaobei523
lbak7525003
yoko562982
XULIMING550428
880327
861010
chaoping
moye891027896789
5377099
371425198702100138
1231077112
370703199207043123
410185199110202567
510921199111082726
220181199202234610
142233199012212513
141122199101100059
511303199401150630
52212219930312283X
410403199302205561
370811199003166100
142234199308194015
370921199111150622
230225199303161517
370702199403295110
341223199402084952
zlf0525
62242519930104411X
511303199302153852
372928199209113420
130828199209073711
zb201220
341281199302197187
412723199211053025
370781199207196516
372928199003181233
370781199203241463
372924198804064811
321324199209082347
15232119921025031X
370685199405024029
370784199309163327
510521199207037899
370682199102255920
340826199404198946
341125199201033638
370785199109152021
370782199103203490
370781199302052211
130926199111273216
370304199306211916
230184199105304817
370304199403255136
370783199209222928
371526199203164010
513722199106187994
370983199301080011
19900318
52zhaojian1314
sunjiekang930625
zhangyuewo77521
370523199210033019
420881199203235856
19541008
371083198901185017
zhangmanman1988
371102198908141647
370302198806136011
222019
760629
370112198703106815
371421198601121663
370102199306060317
371321198410170918
145236
141025199104270014
930616
780707
372833196311090036
370111195311262018
371425198410292537
00
000000000000000004
250021
371312199102285324
371481199012241828
142427199301201814
370827199401180515
89565144
258159
