sa
sasa
123456
123456a
123!@#
123
admin
admin@123
admin@1
password
Password
1234567
sasasa
sa_123456
sa_123
sa^^^^^^
sa@@@@@@
sa@123
sa868
sa778899
sa777888999
sa445566
sa123456
sa12345
sa1234
sa123
sa12
sa112233
sa111222333
sa111
sa1
sa000
sa......
sa...
sa******
sa&&&&&&
sa%%%%%%
sa$$$$$$
sa######
sa!@#$%^&*((
sa!@#$%^&*(
sa!@#$%^&*
sa!@#$%^&
sa!@#$%^
sa!@#$%
sa!@#$
sa!@#
sa!@
sa!!@@##$$%%^^&&**
sa!!@@##
sa!!!!!!
sa!
mssql@password
sasasasasasasasa
sasasasasasasa
sasasasasasa
sasasasasa
sasasasa
RPSsql12345
default
Pass@123
pwddbo
dba
dbo
pwAdmin
12345678933
9876543210
8888888888
1234554321
1234242424
1123581321
1122334455
1111117111
1111111111
999999999
990905889
987654321
635300798
631631631
600600600
567891234
562302671
541881452
537639123
530806118
521521521
520520520
512861624
459955598
453634301
421032654
406259230
393830408
376186027
370118182
369369369
369258147
369072052
364563345
362412642
357238826
342120154
339520889
339065978
328439222
327423341
327304854
326257351
321654987
321321321
312141035
310113084
304394405
299792458
289791332
275275275
262549250
200898255
123654789!
123654789
123456987
123456789a
123456789
123456123
123321123
123168425
123123123
121051308
120220220
113715095
111222333
111111111
110110110
107263142
102235020
100200300
99999999
99290004
99227775
99102515
99087103
98879008
98751110
98673338
98104022
97561001
97431200
97107381
97103782
96939291
96889688
96747520
96422868
96315001
96062048
95876588
95411511
95107100
94823294
91991132
90909090
90164281
89952392
89694959
89548954
89329544
88888888
88796306
88733669
88565966
88023614
87654321
86899379
86735576
86517511
86513103
86365603
84756415
84044339
84037123
83859151
83598026
81917621
81696205
81152371
81094888
80780003
80455323
80190715
80181879
80071600
80051604
78784545
77909023
77777777
77610367
77335566
77134056
77121578
77092100
77012018
76415888
76174179
76127612
76012345
75712818
75587558
75560104
74199588
74021588
71243596
71071500
69170091
68923148
68630073
68015802
67220656
66666666
65983756
65983634
65743097
65706672
65617387
65585626
65559375
65539362
65536198
65512938
65499506
65499487
65489154
65427100
65398071
65311285
65283005
65267656
65238881
65226482
65180788
65174845
65147602
65081389
65079095
65058821
65036306
64879611
64867236
64812625
64796536
64775076
64759571
64749332
64738291
64559922yui
64548065
64537268
64386136
64369844
64336899
64336433
64309842
64308224
64307650
64247972
64238297
64167357
64161988
64137799
64104972
64080413
64068938
64046975
64045736
63873401
63772120
63749032
63689995
63685269
63663376
63661726
63545920
63298836
63292987
63277200
63088625
62956355
62841914
62583433
62562629
62540205
62531392
62457262
62403334
62314577
62118100
62105762
61974413
61131897
59922006
59361265
59238841
59175528
59124309
58917702
58868455
58814245
58745621
58605860
58460532
58443091
58435738
58160784
58138281
58109747
58108243
57637057
57631018
56881323
56848719
56830993
56789668
56758040
56738955
56721439
56682126
56614293
56512197
56413818
56409802
56402130
56327836
56148488
56147882
56094492
56086945
55912148
55555555
54743063
54741162
54740442
54719589
54420301
54000045
53567920
53164717
53082160
52982121
52915859
51930824
51492775
51275127
51012674
51000777
50706862
50245024
47880624
46150713
45854832
45674321
45189946
44444444
44340222
43215678
43214321
42577719
42214221
40917306
40705177
39611327
37324601
36041511
35700469
34250359
34073407
33355555
33333333
33261170
32103210
31415926
26433832
25350795
25257758
24857602
24657910
23572357
23506810
23181615
22904600
22227509
22222222
21332219
21211417
21127006
21122112
21072500
20082008
20080808
20000101
19991120
19980221
19970701
19930126
19891207
19891023
19890505
19890326
19881006
19880519
19880118
19873136
19871217
19860911
19860907
19860815
19851123
19840617
19840523
19840315
19831220
19830814
19830702
19830109
19821013
19820809
19820529
19820103
19811215
19811201
19811128
19811023
19811015
19811008
19810916
19810720
19810516
19810507
19810506
19810424
19810212
19810128
19801229
19801208
19801124
19801123
19801120
19801020
19800807
19800722
19800712
19800402
19800309
19800126
19800105
19796260
19791217
19791123
19791028
19791017
19790915
19790913
19790827
19790811
19790705
19790521
19790301
19790228
19790125
19781231
19781123
19780929
19780927
19780217
19780207
19780105
19771231
19771227
19771222
19771021
19770919
19770805
19770628
19770622
19770421
19770105
19761119
19760823
19760626
19760506
19760304
19751222
19751214
19751208
19751201
19751200
19751128
19751110
19751021
19750906
19750723
19750518
19750311
19750124
19750101
19741974
19741220
19741218
19741119
19741117
19740802
19740322
19740114
19740112
19721205
19721120
19721027
19720606
19720406
19717408
19711217
19710716
19710204
19691023
19690510
19680918
19680622
19631989
19591119
19452761
19444573
19430816
19423357
19191919
18023906
16608207
15565445
15136805
13578102
13572468
13149276
13108947
12596977
12531253
12380571
12369874
12346789
12345687
12345679
12345678a
12345678
12345612
12345600
12344321
12341234
12301230
12300816
12259976
12240205
12121212
12120928
11336699
11309220
11235813
11223344
11191006
11139753
11117791
11112222
11111111
11100200
11021969
10988422
10882048
10410500
10248963
10143609
10130216
10130215
10101010
9999990
9998719
9877898
9860053
9845589
9817084
9811734
9783257
9766061
9734211
9721091b
9721091
9721081b
9711395
9711115
9702193
9688513
9669665
9658133
9585369
9541531
9529004
9508111
9421004
9416031
9323846
9310213
9305041
9261212
9022029
9021117
8937532
8894602
8892855
8878878
8874456
8834847
8818320
8804789
8792679
8730369
8703151
8675309
8659522
8659312
8633151
8622436
8609994
8597680
8597430
8593026
8564366
8562108
8536918
8492401
8484571
8462583
8430804
8420569
8369611
8360784
8327265
8324835
8301889
8283515
8279898
8255079
8221945
8221688
8203433
8181215
8142578
8128746
8120726
8101250
8090402
8081963
8040701
8010270
7998585
7911365
7910195
7877637
7844924
7841224
7839596
7791317
7788520
7781950
7777777
7763776
7758521
7758520
7758258
7755188
7743521
7730343
7709260
7708018
7668187
7654321
7635177
7618406
7614042
7613999
7527180
7526899
7474740
7424884
7403016
7392485
7356094
7296146
7241113
7213714
7031981
7026652
6962460
6801607
6775576
6775010
6741503
6716948
6714166
6685687
6680348
6662176
6655090a
6645253
6605806abc
6589394
6570189
6503056
6464234
6441630
6406261
6323778
6319795
6294955
6283398
6282005
6267003
6263328
6260400
6226405
6226286
6224901
6218356
6200126
6121077
6119268
6112008
6071312
6031231
6023500
6014502
6008675
5995563
5945707
5922860
5909062xzx
5889927
5841321
5818983
5814442
5813027
5807836
5802768
5744028
5722257
5712088
5710195
5656290
5646592
5646290
5633172
5612312
5601178
5561080
5555555
5454594
5373575
5352819
5313343
5312147
5310057
5291953
5236926
5233894
5231314
5211314
5203992
5201898
5201314a
5201314
5201212
5174841
5156104
5151511
5101325
5092800
5088047
5055221
4891400
4816535
4812293
4810809
4731505
4724136
4691250
4689335
4660503
4659385
4631193
4623384
4613605
4611902
4501809
4497717
4489207
4452542
4401962
4363770
4302595
4260518
4196108
4187546
4110428
4017336
3996482
3923965
3901698
3793933
3782450
3731895
3727001
3699002
3698209
3697775
3654397
3625238
3615189
3613121
3610791
3602013
3534119
3528088
3523168
3521985
3457503
3452510
3450381
3435265
3408311
3388963
3367150
3344520
3344258
3318010
3312596
3310077
3297219
3251093
3245064
3243067
3242153
3241156
3229683
3223283
3211314
3204211
3202660
3171536
3166126
3151815
3138375
3137278
3106081
3047357
3044270
2912921
2891915
2868835
2866050
2828561
2827788
2744360
2732780
2670574
2613064
2595245
2589758
2587758
2585710
2582916
2570031
2531210
2478664
2457450
2403334
2400333
2355603
2325597
2324079
2282662
2262558
2257995
2253533
2246868
2245910
2224884
2222222
2200362
2191292
2121515
2102089
2101002
2100515
2085038
2052040
2031500
2030346
2021971
2013142
2000510
1999831
1999510
1998818
1994412
1993812
1992724
1989705
1988419
1987127f
1986115
1984929
1984913
1984412love
1983613
1983427
1983221
1983118
1983112
1982926
1982718
1982618
1982123
1981915
1981724
1981522
1981217
1980923
1980829
1980818
1980524
1980317
1980120
1979928
1979924
1979817
1979310
1978920
1978830
1978818
1978812
1978722
1978618
1977828
1977714
1977329
1977131
1977117
1976727
1976518
1976428
1976415
1976118
1975617
1975227
1975114
1974820
1974723
1974329
1973412
1973227
1972830
1972120
1965814
1963210
1812630
1808420
1807420
1792860
1782109
1772603
1766909
1691002
1614119
1525449
1513134
1478544
1478523
1380195
1370192
1361669
1361185
1360163
1314521
1314520
1300321
1262301
1234568
1234567b
1234567a
1234560
1234054
1230403
1230123
1229102
1226101
1218712
1212121
1208123
1145766
1127512
1122323
1111111
1084374phy
1020300
999999
999888
999765
996875
994953
994012
992481
992277
991231
991225
991122
991015
991009
991001
990990
990801
990732
990722
990504
990425
990322
990219
990202
990126
989775
989658
988988
987731
987654
987474
985844
985191
984589
984309
984289
984284
983112
982412
982288
981817
981314
981246
981229
981225
981224
981223
981120
981117
981111
981020
981019
980913
980808
980731
980728
980727
980530
980508
980507
980324
980299
980217
980214
980127
980109
980102
980101
980074
977218
977123
976232
975813
974025
973014
973012
971800
971513
971398
971247
971227
971214
971126
971091
970615
970601
970517
970501
970310
969218
969113
964311
963852
963488
963297
963258
963174
963151
963119
961227
961123
960721
960668
960516
960235
960218
960217
960123
960102
959966
956397
954700
951951
951876
951425
951306
951264
951123
951071
950928
950734
950538
950515
950499
950134
945945
941533
941190
941117
940812
940610
940507
940475
940373
940066
939513
936566
936025
935136
934112
931124
930716
930705
930511
930413
930225
930119
930108
930025
928714
928097
926928
925138
924217
923212
922917
920818
919393
919191
918918
917027
915162
913823
911478
911187
911116
911017
910228
909727
907004
905504
903927
901208
901111
901106
900990
900520
898988
895400
891901
891031
890731
890209
890098
888999
888888
888455
886868
885853
884285
884000
883226
882300
881985
881976
881024
880507
880411
880218
879302
878654
876543
870309
867135
866272
864763
864055
862302
861027
860714
860340
860086
859076
857194
854093
853885
852222
851117
851017
850901
850269
842191
841219
841113
840804
838400
835283
833547
833420
832875
832456
831831
831227
831210
831127
831019
831005
830929
830920
830830
830824
830820
830812
830718
830654
830619
830614
830424
830401
830101
828828
828589
828522
828384
828203
827913
827046
825528
824623
824501
823655
822995
821707
821201
821129
821108
821019
821015
820926
820917
820904
820816
820807
820722
820720
820703
820622
820612
820604
820603
820530
820419
820416
820319
820303
820209
820204
820122
820108
819103-a
818181
817877
817230
812206
811537
811231
811223
811222
811217
811212
811205
811137
811129
811128
811124
811123
811116
811110
811108
811031
811021
811007
810929
810924
810921
810917
810915
810906
810829
810818
810725
810715
810630
810621
810616
810605
810602
810506
810427
810419
810402
810321
810312
810221
810216
810209
810208
810206
810205
810202
810127
810124
810117
810000
809800
809751
806669
805488
803362
802630
802110
801226
801225
801219
801218
801216
801212
801210
801205
801167
801125
801119
801118
801113
801111
801109
801106
801105
801028
801025
801023
801019
801016
801015
801009
801008
801007
800926
800922
800920
800902
800831
800822
800817
800801
800716
800711
800706
800702
800630
800623
800620
800530
800526
800511
800509
800502
800411
800410
800309
800300
800227
800225
800219
800207
800125
800118ab
800118
800117
800113
800102
799700
799625
798503
793201
792713
792643
792110
791910
791224
791222
791220
791219.8
791219
791212
791204
791160
791133
791130
791129
791128
791126
791124
791123
791122
791119
791118
791116
791114
791112
791110
791109
791105
791103
791090
791030
791027
791024
791022
791017
791016
791008
791007
791005
790929
790925
790908
790831
790827
790825
790824
790821
790802zl
790731
790720
790706
790624
790623
790617
790616
790612
790606
790603
790510
790505
790420
790404
790329
790325
790324
790322
790317
790315
790313
790305
790302
790301
790228
790223
790221
790220
790211
790209
790203
790128
790115
790110
790109
790101
789456
788383
787899
787166
787076
785427
784002
783600
782119
781729
781231
781229
781223
781220
781218
781215
781213
781212
781211
781205
781202
781153
781130
781129
781128
781127
781123
781122
781119
781115
781113
781112
781111
781108
781107
781105
781104
781102
781031
781029
781028
781027
781022
781021
781020
781019
781018
781014
781012
781008
781005
781003
781002
780927
780925
780924
780919
780916
780818
780817
780814
780804
780803
780801
780730
780727
780723
780721
780719
780716
780702
780626
780619
780614
780611
780610
780609
780606
780529
780527
780523
780514
780510
780502
780429
780427
780425
780422
780420
780414
780413
780412
780406
780404
780322
780318
780302
780221
780219
780216
780214
780210
780207
780126
780120
780118
780110
780108
780106
778899
778583
778078
777848
777777
777741
777555
777520
777022
774748
773218
772952
772512
772500
772258
771231
771226
771224
771223
771221
771214
771212
771210
771208!!
771202
771201
771129
771126
771125
771123
771120
771118
771117
771115
771104
771103
771102
771101
771024
771021
771014
770921
770918
770910wy
770910
770906
770831
770823
770815
770729
770725
770724
770718
770712
770711
770708
770704
770701
770622
770617
770613
770612
770608
770521
770510
770505
770504
770429
770417
770415
770405
770324
770309
770308
770302
770219
770218
770216
770215
770213
770208
770201
770130
770123
770115
770109
770106
768594
768260
767300
765143
765043
761230
761229
761226
761223
761221
761217
761215
761214
761212
761206
761203
761153
761127
761123
761122
761118
761113
761111
761109
761107
761102
761031
761030
761024
761021
761020
761018
761013
761012
761010
761005
760930
760925
760923
760921
760920
760916
760905
760903
760901
760831
760816
760801
760760
760726
760723
760706
760705
760703
760626
760619
760610
760602
760526
760524
760523
760510
760507
760504
760424
760415
760412
760328
760325
760322
760316
760313
760311
760310
760308
760305
760302
760226
760222
760218
760215
760214
760208
760206
760131
760129
760128
760120
760110
760108
760107
760101
759900
758521
757575
756555
756512
756422
756200
756005
755400
754276
754218
753951
753029
752028
751919
751230
751229
751225
751224
751222
751221
751220
751219
751218
751206
751205
751204
751203
751201
751166
751126
751122
751121
751108
751106
751105
751103
751031
751030
751029
751025
751024
751023
751020
751019
751017
751015
751010
751009
751002
751001
750925
750918
750906
750830
750821
750815
750808
750730
750723
750721
750711
750707
750704
750627
750624
750623
750611
750610
750606
750601
750528
750526
750523
750514
750425
750404
750330
750325
750322
750320
750318
750310
750303
750223
750218
750201
750129
750126
750123
750109
750000
749999
746688
745021
744288
743029
742023
741900
741852
741266
741230
741229
741228
741221
741210
741203
741128
741122
741121
741119
741111
741109
741108
741103
741102
741027
741025
741013
741011
741009
741007
741000
740917
740913v
740910
740909
740823
740727
740710
740708
740706
740702
740625
740613
740523
740519
740503
740427
740329
740315
740215
740135
740124
740105
740104
740101
737475
737373
736060
733953
731310
731270
731228
731225
731213
731130
731129
731126
731118
731116
731112
731104
731102
731030
731018
731011
731009
731006
730928
730916
730812
730709
730625
730621
730620
730618
730613
730605
730601
730512
730404
730330
730314
730303
730227
730226
730127
730123
730121
730120
730118
728307
727938
726800
726122
726104
725219
721208
721127
721123
721121
721118
721114
721110
721108
721031
721019
721014
721011
721008
720826
720819
720726
720714
720628
720618
720521
720520
720421
720409
720325
720318
720308
720226
720216
720209
720128
719725
717408
717171
715824
715507
714719
714287
713598
712683
711824
711800
711685
711229
711207
711030
711019
711008
711004
710911
710905
710810
710808
710729
710609
710524
710423
710412
710225
710214
710131
710106
709394
705814
701206
701129
701122
701105
701016
701015
700922
700812
700727
700724
700712
700619
700512
700301
696969
691230
691229
691220
691218
691118
691105
691026
690930
690828
690805
690604
690508
690411
690226
690224
689689
687889
686311
684311
681126
681108
681102
681030
680210
680115
679328
678880
677303
675167
671224
670907
668291
667788
666987
666888
666666
666379
666327
666317
666131
665210
663465
661989
661818
661221
661111
660816
660626
660621
660118
659823
658801
657417
657364
654321
652578
652452
651356
651219
651103
650728
650701
650313
650305
650225
650201
647077
646843
645499
642850
642358
641016
640827
640721
640133
639600
635417
634935
634424
634210
631205
630751er
630720
630606
630428
630302
630105
629055
627687
627604
627125
626626
626117
625625
625107
623158
623018
622703
621779
621515
621223
621220
621126
621119
621108
620828
620609
620515
620390
620053
619209
619203
618618
616616
616161
615438
615112
614819
613190
613136
612211
612087
611425
611217
610000
608323
606179
604604
601543
601057
601001
600902
600839
600707
600601
600305
595832
589797
589558
588688
585858
585800
584521
584520
582838
581525
571181
570922
570914
570207
569344
567890
565921
565656
565120
562532
559104
557722
556688
556444
555888
555666
555608
555555
555333
555111
554327
553920
553600
552525
551688
551236
551102
548888
541819
541788a
538263
535232
535161
535039
531788
531127
530730
530527
530111
529630
528345
525621
524524
524110
522039
521943
521521
521433
521258
521125
521012
520620
520616
520570
520530
520520
520428
520310
520222
520066
519758
519163
518578
518517
517688
516885
516583
516441
516329
515376
515151
515149
513671
512215
512120
511885
511789
511321
511103
510613
508936
508509
506385
504503
503860
503029
502835
500607
496464
496111
495089
491111
490044aa
489660
481612
479424
479280
477577
476408
473880
463108
461511
461461
461139
458791
458158
457315
456852
456789
456655
456654
455934
454978
452301
452091
448448
447964
444444
441925
441507
441206
441202
440982
439114
437351
436670zj
434000
433263
431319
431122
430301
430111
426426
425613
425400
424888
424777
422422
418124
417857
417814
415268
414812
414718
414324
414121
413504
411937
410901
410891
410303
409152
408806
403705
403114
402790
402313
401114
400214
398203
394576
390000
388273
387617
386753yy
386502
385670
385510
383855
383838
382789
382135
379666
377227
376767
374373
372228
372153
372011
371230
370624
369791
369521
369369
368223
365799
361800
360217
359361
357835
356381
354648
352354
350984
346900
343434
342623
341027
339575
338680
337258
336888
336009
335908
335778
335053
334130
333888
333520
333355
333333
332580
332242
332211
332195
331807
330726
330476
330330
330203
328117
326526
326067
325363
324286
323565
323126
322785
322530
322167
321420
321321
321300
321213
320402
319683
319108
318300
318295
318017
317513
316984
316318
316105
315520
315495
313726
313348
313131
312402
312394
311922
311381
310227
310113
310111
310107
308318
308115
307668
306840
302534
301828
300034
299001
295029
294919
294003
292344
292231
289765
289298
288126
285900ppp
283300
273433
271525
271250
270861
267496
265333
264994
264310
263668
261200
261027
258369
258258
258000
253839
253812
251314
251013
250417
248634
245401
245245
244517
243663
241325
240000
239026
238888
237869
236910
235756
234234
234007
232061
230933
230711
230235
229376
229359
228588
228359
227118
226500
225477
225113
223616
223589
223349
223344
223223
223200
223005
222588
222222
222192
221722
221251
221221
221217
221206
221197
221089
220737
219812
219711
218630
217758
217121
216709
216101
215976
215052
214789
212322
212307
211641
211382
211314
211211
210117
206238
203515
202775
202660
202145
201888
201633
201615
201314
201307
200999
200795
200540
200438
200291
200094
200088
200085
200081
200020
199949
199876
199771
198866
198793
198787
198728
198661
198395
198377
198344
198335
198318
198281
198245
198216
198135
198115
198089
198076
198026
198002
197983
197979
197943
197925
197922
197919
197882
197864
197842
197832
197823
197808
197774
197754
197727
197725
197712
197710
197686
197668
197655
197625
197624
197623
197615
197612
197611
197608
197596
197577
197568
197531
197516
197510
197502
197499
197497
197496
197478
197436
197433
197422
197371
197354
197333
197328
197323
197305
197300#
197300
197088
196912
196900
196893
196825
196588
196521
196511
196438
196418
195882
195866
195577
194811
194677
194511
193877
193316
192725
192130
191919
191881
188606
187668
184809
182550
181818
181339
181121
180371
180300
180232
178168
172263
172090
170512
169169
168868
168602
168518
168261
168168
167761
163163
163101
162888
161616
159951
159832
159753
159357
158160
157953
155075
152433
152395
152228
151564
150572
150531
149880
147852
147714
147562
147258
147147
145521
142234
141119
140499
138918
138355
137303
137233
137024
136180
136128
136019
135790
135724
135642
135246
135135
134326
133221
133107
132603
132435
132333
131524
131445
131431
131421
131420
131415
131313
130313
130125
130116
130031
129581
129129
128626
128314
127927
127202
124526
124303
123987
123873
123789
123757
123698
123666
123654
123555
123491
123459
123456qq
123456q
123456asd
123456abc
123456aaa
123456aa
123369
123321aa
123321
123178
123175
123156
123132
123131
123123a
123123
123110
123046A
123010
123000
122872
122421
122400
122333
121800
121776
121763
121314
121271
121212
121110
121000
119900
119614
119524
118925
118340
118118
118013
116729
115599
114370
112938
112933
112822
112688
112654
112411
112403
112310
112265
112233qq
112233
112211
112205
112121
112081
112000
111999
111830
111702
111674
111577
111555
111512
111314
111275
111222
111168
111122
111113
111112
111111a
111111
111012
110774
110579
110474
110400
110259
110120
110110
110102
109430
108975
108164
108108
105401
104153
104126
103927
103301
102478
102400
102218
102125
102030
101978
101887
101847
101476
101325
101244
101223
101106
101012
101010
100533
100200
100094
99999
99506
98827
98765
98401
98241
97922
97093
96783
96532
96000
95810
95271v
94733
94522
94450
94124
93953
93064
92927
92878
92167
92094
92072
91819
91508
91162
90909
90210
90055
88988
88888
88188
86603
86000
84319
84313
83720
83227
83108
82820
82310
81927
81890
81627
81211
81116
80626
80519
80486
80475
80410
80131
80130
80088
80086
79730
79223
78913
78912
78909
78814
78627
78615
78210zyn
78111
78018
77925
77870
77812
77777
77520
77211
77169
77127
76818
76815
76812
76811
76618
76423
76331
76321
76215
76212
75822
75725
75627
75415
75125
74919
74726
74115
74011
73720
73718
73430
72624
72612
72260
72224
72114
71698
71580
71317
71188
71066
70988
70679
70422
70270
70140
68949
68924
68520
68509
68121
67898
67890
66666
66310
66124
66105
66024
64524
64218
64051
63502
63421
63297
63235
63119
62254
61515
61478
60810
60312
59311
58658
58434
57666
56789
56787
56031
55724
55555
54888
54321
54118
54007
53999
53911
52330
52088
52013
51888
51777
51514
51300
51123
51098
47840
47387
47138
47011
45986
45676
45280
44444
44170
42677
41898
41130
40502
39426
39077
38667
34567
33521
33333
32767
32167
31887
31528
31164
31079
30289
30019
29401
29396
27929
26499
26013
25910
25603
25118
25020
23456
23454
23417
23110
23103
23000
22339
22327
22222
22188
22099
21975
21822
21400
21300
21177
20900
20731
20618
20202
20011
19577
19490
17409
17009
16511
16161
15652
15228
14430
13707
13655
13579
13578
13570
13311
13221
12366
12354
12345
12343
12300
12271
12135
11614
11379
11111
11110
10952
10173
10101
10011C120105101
10001
10000
9999
9988
9987
9977
9950
9941
9921
9900
9879
9877
9821
9630
9458
9441
9433lin
9424
9394
9393
9379
9280
9267
9210
9182
9170
9123
9121
9110
9090
9069
9064
9047
9026
9014
9008
8947
8925
8894
8888
8848
8827
8736
8732
8630
8623
8512
8482
8421
8377
8354
8341
8210
8179
8168
8084
8080
8061
8031
8023
8018
8017
8001
7980
7976n
7952
7928
7923
7918
7913
7882
7859
7825
7821zj
7812
7799hyb
7796
7786
7777
7758
7755
7747
7737
7728
7719
7691
7689
7678
7667
7628
7620
7591
7589
7577
7538
7537
7524
7521
7498
7497
7488
7487
7476
7474
7459
7442
7436
7431
7418
7342
7341
7318
7279
7276
7266
7258
7251
7225
7201
7198
7177
7160
7154
7114
7110
7106
7016
7007
7004
6990
6988
6969
6844
6812
6712
6666
6618
6571
6564
6550
6515
6425
6413
6376
6326
6322
6262
6234
6228
6207
6171
6140
6130
6060
6055
5959
5945
5839
5829
5814
5683
5678
5561
5555
5544
5523
5500
5366
5280
5270
5266
5252
5251
5250
5249
5223xc
5211
5208
5201am
5188
5183
5182
5180
5160
5113
5098
5081
5021
5013
5008
4888
4836
4555
4545
4444
4321
4290
4265
4029
3780
3776
3726
3699
3687
3619
3584
3423
3407
3389
3377
3367
3357
3333
3210
3147
3141
3138
3130
3108
3077
3015
2906
2875
2829
2822
2756
2628
2613
2610
2607
2525
2489
2410
2350
2323
2289
2288
2262
2222
2214
2186
2167
2163
2160
2144
2112
2108
2103
2089
2050
2010
2009
2008
2003
2000u571
2000
1999
1997
1995
1991
1989
1988
1987
1986
1985
1980
1979
1978
1977
1976mf
1976
1975
1974
1973
1972
1951
1950han
1942
1935
1932
1928
1923
1919
1888
1872
1844
1819
1816
1741
1701d
1688
1678
1616woo
1558
1544
1523..
1494
1438
1429
1425
1413
1357
1349
1314
1313x
1313
1303
1297
1268
1235
1234qwer
1234abcd
1234
1233
1231
1230
1229
1228
1227
1226
1225
1224
1223
1222
1221
1220
1218
1215
1213
1212
1210
1208
1207
1206
1205
1204
1203
1201
1179
1166
1164
1155
1133
1130
1129
1127
1125
1124
1123
1122
1121
1119
1118
1117
1116
1115
1111
1109
1106
1105
1104
1101
1100
1069
1031
1030
1029
1028
1026
1025
1023
1022
1020
1019
1016
1015
1014
1013
1011
1010
1006
1005
1000
0971ll
0951pk
925
924
920
919
916
914
913
911
910
909
908
907
888
887mmn
868mxw
846
831
827
824
815
813
812
0798a
788c
777
770
748
727
725qin107
725
717
715
713
710
707
705
0681ok8223ok
629
628
625
622
619
615
613
610
608
604
565
539
531
527
525
523
521*!#
521
520hack
520
519
516
513
0510cy
505
501
456chen
443
429
427
425
423
421
420
415
407
369
361
360sb
360
343gat
328
327
326
321tenok
321
319
315
313
311
305
301
249
246
228
227
226
217
214
213
210boy
205
0202puma1971
198oo3o6
168
159
147ok
147
138-1940294
136b
127
126
123zxcgogo
123y45
123qweasd
123qwe!@#
123qwe
123qqq
123go
123asd
123abc
123!@#qwe
120
119
116xy518
114
112
111
000111
110
102
101
094hk
81
80sec
77
74
69
54tq
54
13
12qwaszx
12
11i1
11
10sne1
10
9.71E+11
9.35511E+11
9
8.01E+11
8
7.30E+11
7s0331
7
6kadmin
6bzcb
6
5.49E+11
5r9wv3
5
4runner
4ngel
4lert
4
3.50583E+17
3.20E+14
3.1415926
3.14159
3.14E+12
3.10E+14
3.10E+11
3est 
3est
3..
3
2.34373E+11
2.04298E+26
2welcome
2
1.98706E+15
1.23457E+11
1.23456E+11
1.23321E+12
1.11111E+19
1qw23e
1qazza
1qazxsw2
1qaz2wsx
1qa2ws3ed
1q2w3e4r5t
1q2w3e4r
1q2w3e
1p2o3i
1a2s3d4f
1a2b3c
1A2B3C4D
1
.575783.
~!@#$%
zzzzzzzz
zzzzzz
zzzzz
zzzz
zzzxzz
zzzxxx
zzx123
zzj2223446
zzf49438
zzblin007
zyzy
zy7806
zy1031
zxzc
zxyyxz
zxy7078
zxqzxq
zxmzxm
zxfaaa123
zxczxczxc
zxczxc
zxcvbnm123
zxcvbnm
zxcvbn
zxcvb
zxc51marry
zxc123456
zxc123
zx1003
zwzwzw
zwm711
zw0126
zuqiu
zuiguaia
zs1731
zrspws
zrhzrh
zqsass
zpww
zmxqqq
zmxn
zmnono
zlmzlm
zliang
zjyzjy
zjy650408
zjlds
zjl523
zjiuling
zjhzjh
zjh129
zjbeyond
zhzh
zhyx
zhy1024
zhxw
zhuyifang
zhuxingwei
zhutou
zhushiyang
zhuiyi520
zhqzxx
zhouzly
zhouhk
zhoubin
zhou
zhongqi
zhongjing
zhongguo
zhizhe
zhh508
zhh1127
zheng
zhdzhd
zhb40232
zhaozheng
zhaomeng
zhaojing
zhanlong
zhangzhe
zhangyi
zhangxing
zhanglonghai
zhangle
zhangkai523
zhangkai
zhangc
zhang73
zhang123
zhang
zhaizhen
zhack
zh1024
zgzjykbybd
zgm163
zf1020
zeus
zeppelin
zephyr
zenith
zebra
zdw123
zbw1108
zapata
zachary
z3121025
z123456789
z123456
z
yzy9136
yyzht
yyyyyy
yyyy
yywxhgbd
yywoaini
yyt124
yyswxws
yyqr
yylai
yygyyg12
yyf715301065
yy5520
yy
ywjabc
ywack
yvonne
yuxiang
yushiwuzheng
yunyun1988
yuning
yummy
yumiyo
yuliling
yujl77
yuemo
yueerwan
yue189
yudong
yuanye
yu460318
ytmnui
yt1994
yrpx
yqq617
yqlwan
youyue
young
youli
youguest
youaresb
yongming
yong
yomama
yofx
yoda
yldwy
yl790307
yk850395058
yk
yjm1731
yj1017
yixin
yingying
yinghuan
ying
yincg
yilin911
yhhy
yfdai1
yf315606
yeshacker
yeshack
yes
ye7111
ydyydy
ydx9317
ycz
ycc1977
yaqing
yaoyao
yaofei
yanzi
yanxiaozhou
yantailida
yanping
yangyang
yangling
yanghui
yangfox
yangfei
yangbin
yang1982
yan
yaji
yaj129
y801028e
y51
y392l20
y3209b
y
xzx520520
xzuo
xzj721
xzh108
xyyjoy
xyshahsh
xylqjm
xycxyc
xyan
xy7705
xxxxxx
xxxxx
xxxx
xxx
xxoxx
xxoo
xx8617
xwh
xuyunfeng
xuyuanwen
xuyb0326
xuxu
xuxiaoxi
xuwei
xuning698
xujun
xuhanping
xuexue
xuemin1993
xue197919
xu2000
xtf617
xsx
xo
xnq962129
xnima.cn
xmyxmy
xmmmm
xm1123
xm001
xlqf
xinzhao
xinxin
xinkai
xinhuiyileng
xing28662212
xing
xinaixin
xiazhili
xiazheng
xiaya111
xiaozi
xiaozhu
xiaoyun
xiaoyi
xiaoye
xiaoxiao
xiaoxiang
xiaowu
xiaotong
xiaoniao
xiaomantou
xiaoma
xiaoke
xiaojie
xiaoj
xiaohui
xiaohuang
xiaohuai
xiaohua
xiaohu
xiaohan
xiaofeng
xiaoe
xiaoceng
xiaobaimingzheng
xiaobaiabc
xiao123xie
xiao
xiangzi
xiangshi
xiangge
xiake
xiadao
xhn1104
xhack
xfiles
xfg
xcountry
xcmdbb
xchina
xblc7270
xb7125
xb
xavier
xalicai.com
x364300
x1x1
x19991213
x
wzs
wzmkk
wywhzwl
wyq888
wymarry
wyhw
wyghh001
wyge
wyfox
wxh3wz
wwwwwwww
wwwwww
wwwww
wwww
wwwhakecc
wwwangli1
www.net.cn
www.51marry.com
wwp203
wwjcc
wuzheng
wuyy9700
wuyue
wuyan1976
wuwuwu
wuqiong
wunder
wuliaole
wujianqiang
wuhuan
wuaideren
wu6627
wu12yi
wsyabc
wsqwsq
wsqooliu
wsnba
wshzjh
wsbhz
ws58oal6
ws196713
wrsky
wrsk
wright
wrangler
wr@1844
wqsb
wq105
woyao
woshishui
woshiniba
woshiboy
worinima
wordpass
wool
woody
woodchuck
wonder
wombat
wolverin
wolfgang
wolfMan
wolf1
wolf
wokaonima
wokao
wojiushiwo
wodemima
wocaonima
wocao
woc
wobuzhidao
woaiwojia
woainixx
woainima
woainiliaoying
woainilaopo
woaini521
woaini520
woaini1314
woaini123
woaini
woaimeizi
woaibibo
wo
wlt325
wliang
wl820
wl30216
wkq5521876
wk97117
wjwoaini
wjd123
wjd
wj
wisdom
winston
winsor
winnie
winner
winfast
windsurf
windows
win95
win2002
wily123
willxy
willson
willow
willien
williams
wilbur
why718
why5858
why
whtddn
whrnch
whoami
whitney
white
whisky
whhxgy0710
whh7754
whh70306
wheeling
whatweb
whatever
wh121
wfun
wetasdg
western
wesley
wenzhuo
wenyu
wenyi
wendy
welcome
weiq
weili
weijunzi
weijishashou
weifu
wei
webweb
webmaste
webadmin2
webadmin
web456vv1234123
web1235123
web
weasel
wdzq11
wdnnis78
wdmmwdmm
wcx389
wbjans
wayne
watson
water
wasdzxce
wasd
warriors
warner
warcraft
wap
wanzhuan
wanling
wanli
wanker
wangyun
wangyp
wangxiaojing
wangwq
wangwei
wangwang
wangqi
wangluo
wangjy
wanghl
wangdog
wangcai
wang77
wang123
wang
walter
wally
walker
wajx
waiting
w9201p
w123456
w1018n
w
vvvv
vrf565
voodoo
volvo
void
vivivan
vivian
vision
visa
virginia
vipvip
viper1
vipcmd
vip8
violet
vincent
viki7783
video
victory
victor
vicky
veronica
vermont
venus
velvet
vegconlh
vanilla
valhalla
valerie
valentin
vader
v
uwish
utopia
ustb4213
username
user1
user
urumchi
ureyann
unknow
unicorn
undead
ujjxfol
ufohack
ufo
ucdoswps
u0131sa
u
tyshhf19
tyler
txdtxd
tx3709
tx
twins1990
twins
tuesday
tucker
tuantuan
tttyy
tttt
ttsys
truck
tristan
trident
tricia
trek
trebor
travel
training
tracy
toyota
toronto
torimo
topher
topgun
topcat
top123
toone
tonytony
tony12
tony
tongtong
tonecan 
tonecan
tomorrow
tommy
tom
today
toby
tntn
tmfjtbj
tlxmq
tl6012
tjlq
tintin
tinroad85
tinker
tingting
tingfeng520
tina270176
tina
time
timber
tim
tigre
tiger789
tiger1053
tiger
tig
tianya
tianxie
tiancai
thx1138
thursday
thunderb
threemen
thomas
thinghj
theking
theboss
theatre
tgrnf@12
texas
testtest
testing
test2
test123
test1
test
terry
tequila
tengxunsb
tengxin
tengfei
temporal
temp
telecom
tehiro
teddy1
teddy
techno
tech
tcx1223
tattoo
tarzan
target
tara
taomei
tanya
tank144
tanjing
tangtong
tango
tang
tammy
taiji
tai123
tag
taffy
tacobell
t\c\b\y
t19660428
t-bone
t
szp7914
sz
systeam
sysadmin
symbol
sylvie
sylvia
sydemon
syd567
sy4412
swzwwx
swpu
swimming
swift
sweety
sweetpea
sweet88
sw350296
suzuki
suzanne
suy
surf
supra
support
superman
super8888
super836
super
sunzi
sunyi1
sunyan
sunting
sunshine
sunset
sunrise
sunny511
sunny1
sunny
sunmail
sunlongxi
sunflowe
sunday
sundance
sunbird
sun521
sun113
sun
suifeng
sugar
sufe1998
success
sub7
su0o8j
stvcg
stuart
streel
strawber
strat
stormy
storm
stinky
stingray
sting1
stever
steve
stephen
stephani
steph
stella
steelers
steele
stealth
station
starwars
start
stargate
star69
star
sta327
ssssssss
ssssss
ssss
sssddd
sss
srffrs
sq19880602
sprite
spooky
spitfire
spike
spider
spencer
speedo
sparrow
spain
space
sos
sorel
sophie
sophia
sonny
songyin
song1976
song
soleil
softball
soccer1
snuffy
snowman
snowhack
snowball
snow
snoopdog
snjewa
snickers
snapple
snake
smy2008
smiths
smile
smashing
smart911
smabl000001
slp3996
sleep
sldm
slacker
skyhack
skipper
skinking
sk3800
sk1207
sjh@
sjh5201314
sisisi
sisi
sirkang
singer
sindy
sin 
sin
simon123
simon
simeng
simba
sicklover
sick
shunzi
shulin
shui
shuang
shriny
shq
showme
show
shoes
shkitty
shiziga
shit
shirley
shihua
shiaiq
sherry
shenmo
shenlufang
shenlijuan
shenjian
shengming
sheng
shen826
shellie
shelley
shell
shelby
sheila
sheeppoo
sheepgirl
sheena
sheba
sheart
shdshdshd
shchhhw
shawn
shark63
shark
shaomo
shao0407
shanti
shanleyi
shanghai
shan
shalom
shallon
shadow1
sh3ll
sh12149
sgt96870
sghfnxa
sfx12
sexy
sexier
sex112
seven7
seven
ses
server2008
sergei
seral
septembe
seo0510
sensen
secret
seattle
searchers
sean
se070217
sdtobk
sdsd
sds
sdf432s
scuba1
scshenyu*
scruffy
scout
scott
scotch
scorpion
scorpio
scooter1
scarlet
sbsb520
sbdc
sb360
sb
savers
savage
saturn
sassy
saskia
sasha
sarah
saqweasd
saqwe
saqqwwee
saqqaazz
saqazwsx
saqaz
sapphire
santa
sansan
sanjose1
sanji
sandy
sandra
sanda
samuel
samsung
sampson
sammy
samantha
sam
salut
salmon
sally
sales
saintflower
sailor
sailing
safety
safe86
sady
sadness
sadie
sadbady
sadam
sabrina
saabc
saaabbcc
s80hzm
s123456
s
ryan
ruy
rux
ruth
rusuan
rusty
ruqin
ruofu
running
rugby
rufus
rufeng01
ruby
ruan
rslzb
rs
royal
roy
roxy
roses
rose
roots
root123
root
romantic
roman
roger
rocky
rocket
rock
robotech
robinhoo
robin
robert1
robert
rl740812
rjie123456
riverside
river
rinima
ricky
richgirl
richard
ri
rfkl
reznor
reynolds
retnec
research
republic
rensheng
renren.com
renmin
renlong
renata
remember
reedhatcher
redwing
redrum
red
readme
rb6903sh
raven
rascal
raquel
raptor
randy
random
rambo1
raincry
rainbow
rain76
rain
radio
racoon
racerx
rabbit123
r4sky
r
qyz1975
qyz12345
qyj1744200
qwx111
qwr888
qwezxcal
qwezxc
qwertyuiop
qwertyui
qwerty12
qwerty
qwert
qwerasdf
qwer1234
qwer!@#$%
qwer
qweqweqwe
qweasdzxc
qweasd
qwe123456
qwe123
qwe1
qwe
qwaszx
qw7737
quest
quebec
quality
qqqqqqqq
qqqqq
qqqq
qqhqq
qqaazzq
qq520
qq149206755
qq123456
qq
qiushaokeasp
qiqiqi
qiqi99
qiongyao
qiong
qinyuanqing
qingyuan
qingshu$
qingshu
qingguo
qing
qin7633
qianzhenhua
qian76
qi1056ng
qczje
qbj6723
qazxsw
qazxdr
qazwsxedc
qazwsx123
qazwsx
qaz1qaz
qaz123456
qaz123
qadbb
q9491234
q1w2e3r4
q1w2e3
q1q1
q123456789
q123456
q01258
q00w00r00
q
pzx0918
pzhen
pywdn
python
pyrmont
pxzpass
pwd
pupu
puppy123
puppy
punkin
puffy222
public
psyche
psda
psalms
protel
property
promethe
prof
princess
preston
praise
pqrtwk
ppppp
pppp
power
post97405
portland
porter
porsche9
poppy
pop83326
pookie1
poohbear
ponkylai790824
pomme
polo
polling
politics
police
polesheng
poleshen
pokey
poiuyt
pmc
pluto
please
players
player
playboy
play
plato
plasticfish79
planet
pjcjg
pizza
pity570
pisces
pirate
pipicool
pinkfloy
pingping
pigpig
pierre
pierce
picture
picasso
piano
phpadmin
php
photo
phoenix1
phoenix
phish
philips
philip
phil
phantom
pg5yl8
pfdl
petey
pete
perry
percy
pepsi
people
pentium
penny
penggen
penelope
peggy
pedro
pearljam
pearl
peace
paula
paul
patricia
pat
password111
password1
password01!
password01
password
passwor1
passwood
passwd
passme
passion
pass
pascal
parrot
parker
paris
paradise
papa
panyufeng
panyuanhuyou
pansu888
panni
pandora
panda
painter
pacific
paboajuma
p@ssword
p8p2j5j
p
oxford
ouou
oscar
orion
orchid
oranges
oranger
opus
opqw
openc
open
opel
only
onecat
one
omc123
olivier
olivia
olive
oldking
okok
oknoyi333
okcu
okbtcol787
oct1079
oceanstar
obiwan
oatmeal
o02tenc
o
nurse
nunu
number9
nugget
nt2000
nss
nrxhdz514
notused
notouching
nothing
nosunday9
norya
norton
nortel
norman
nonsense
nono
none
noloveren
nolove
nokia
noid
nohack
noadmin
nnt008
nnnnnn
nmma
nmb
nl1206
nj8888
niuniu
nite
nitbb
nishiwodeshei
nirvana1
niqiuping
nini
niners
nina94
nimrod
nimabi
nikita
niki
nijia3202
nihao123
night
nickb829
nick
nicholas
nicegirl
nicarao
ni853967
nh431869
nguyen
nexon
newyork
newyear
newuser
news
newpass
newcourt
new
never
network
netware
netshell
netroot
nesbitt
nemesis
nellyahoo
nellie
neck0497
nebraska
ne1469
ncslarry
ncloveyl
ncc1701e
ncc1701d
nc
nb2008
nautica
nat
napoleon
naomi
nancy
name
na1234
n3xnutue
n397534211
n1va1h
n
mzjmzj
myths
mysystem
mystar..
mylovepang
myhwlj
myhome232
myf7501
myadmin
my2001
mxshow
music19941203
music
muma
mttch9
mstq
mssqlpass
mssqladmin
mssql
msi4561491
ms6163
ms0083jxj
mr08171
mozart
mouse1
mouse
mountain
mortimer
moroni
morgan
mootsies
moose
moorning
moora
moon
moomoo
mookie
moocow
montreal
monopoly
monny223
monique
monica
money1
money
monet
mom
molson
mollyqi
molly1
molly
moli
mokw
mojiezuo
modem
mnmn
mngr123
mmx2
mmtt
mmmmmmm
mmmmmm
mmm
mmllsvv
mltr46
ml096
mj2dyh
miumiu
mitchell
mitch
misty
missy
mission
mishka
misha
mis124p
mirror
miranda
mirage
minou
minnie
minmin20 -~
mingming
mingchao
ming
mine
mindy
mimipp
mimina
mimi
mima
million
millie
miles
miki
mike1
mike
mikael
midori
midnight
micro
michelle
michele
michel
michael1969
michael.
michael
miaomiaomao
mhzxkjdx
mfkgakg
mexico
metallic
metal
merry
mercury
mercedes
meow
memphis
memory
melanie
meiyoumima
meimei123
meigetsu
megan
medical
me
md51110.00
mbaf
mazda1
mayday
maya66
may510
maxime
max
maverick
maurice
matt
matrix
math
master1
master
maryjane
mary
maruko
marty
martin1
martha
marsha
mars
marryking
marlboro
market
mark
mariposa
mario
marine
marina
marilyn
marie
mariah
maria
margaret
marcus
marcel
marc
maplelee
maomao
mantra
manson
manfred
manager
manage
mama520
mama
malcolm
majordom
major
mailman
mailer
magnum
magic523
magic
maek 
maek
madison
macintos
macheng
macha
mac
ma@06&21
ma.413
m079880j
m
lzf1201
lyxzcl
lyszrpop
lysoooopo
lyqhebust
lynn
lyl1
lya66
lxz6570
lxyzh
lxlsnyy
lx1213
lx
luo76
lunnijie
lululu13
lulu
lulsh123
luhongwei
lucy
luckyname
lucky598
lucky1
lucky
luck29
lucas
lu78hg4
lu0725
ltuser
ltdtl
ltby
lt991107
lsxnfcdl
lst
lsj7993
ls72
lqwr
lq811826
lowexefmarry
loweiyi
loveyou
lovexueru
lovexue
loveu
loveshell
lover24
lover
lovepy
loveone
lovemum
lovemay1314
lovely
lovelly.cn
lovelan
lovehack7758
lovegj
love55250
love2000
love1hzx
love1314
love0708
love
louis
lost.
lorraine
look
longhack
longer
lonely
london
lolita
lolily
logitech
login1
login
logical
logan
locust
lngrid
lm660922
lloyd
llll
ll0715
ll
lkjoiu
lju822
ljsswl
ljf
lj7200
lj1973
lizhou
liyucheng
lixiao11
liverpoo
liuya
liumei
liumang
liull
liulh
liudehua
liu99999
littlewolf
lisa
lionking
lion121
linyu520
linsheng
linlin
linkanye
link
linjr168
lingyun72
lingyun
lingjie
linfan
liner
lindadan
linda
lincoln
lince2000
lin5512
lin1296
lin
liming
lilylily
lilylee
lily0223
lily
lilian
lili
lilac328
likeme
likehacker
ligu99
lieren
lidan
lico
libo21
lianren123
liangzdl
li5201314
li1980
lhlh
lhjykx
lh127
lgwin329
letsgo
let
leslie
leonardo
leonard
leon
lengxue
lengfengsk
lengfeng
lenfeng
leming82
lelw
leier119
legend
leegw315
lee007
lee
ledzep
leaves
leadtidef
lea
lcx
law
lave
laurie
laurel
laura
larry1
larry
lanni*
lance
lamer
lala31
lajijiushilaji
laiwei790824
ladybug
lady
laddie
lacrosse
l4748
l3188250
l1a2d3
l0ser
l
kyoku320
kylekylekk
kuso
kukukele
kramer
kouyifei
kong000
kong-12
konet123
koko
kokhuan
kokeshi
kof2008
koala
knife
knicks
klklkl
kleenex
kklove
kkkkkkkk
kkkkk
kkkk
kkk&fun
kiys
kitty
kitten12
kissyou
kissy
kiss362514
kiss
kira
kingman
kingkey
kingfish
kingdom
kingcom5
king.f
king
kimberly
kim
killjap
killerwy
killer
kill38
kill
kiki
kidy
kids
khan
keyzscom
key123
kevin1
kevin
kevan
kermit
keren
kent2440
kenneth
kennedy
kelsey
kelly1
kelly
kelecoco
keiven
keith
kegavg
katie
kathy
kathleen
katherin
karen
kaonima
kao
kangsoon
kangreadme
kaixin
kaimen
kaifeng
kai
k8mrc2
k4hvdq
k
jz85034
jyyj11
jyfengyezi
jwyao
justin1
justice
justdoit
jupiter
jungle
july_24
juliet
julie1
julie
julian
julia
juedui
judyzhu
judy
judith
juck39
juan731205
jtk2352
jspadmin
jsk520
jsjbpasswood
js4628
jrkyzy
jqypqh
joyuce15
joyuce
joysft2000
joy/1029
josie
josh
joseph
jordan23
jordan
jonathan
jojo
joice
joho369369
johnyier
johnny
johnlauis
john316
john
joeyjoey
joey
joel
joe61376
joe
joanna
joan225
jlxu
jlwjlw
jll751112
jkwen
jks
jkm
jklliu
jkla
jjjjjjjj
jjj77
jjbase
jjam
jinwei58
jinpeiqin
jinking
jinjin
jinhan
jinglv2179226
jingjing
jing
jimo
jimahao
jim
jiji
jiejie
jidan
jiaozu
jiaozhu
jianhui
jiangshq
jiangma
jiang
jiandan
jian8888
jiajia
jia_tim
jia7515798
jhllzf
jhjh
jhackj
jh65371688
jgpenlau
jfyj
jfhack
jewels
jesus1
jesus
jessie
jeshic
jerry
jer.
jensen
jenny1
jenny
jennifer
jenni
jenifer
jeffhus
jeff
jeanette
jean
jcksyes
jc1234567cc
jazz
jaylau
jay
javey216387k
jasonlee
jason1
jason
jasmine
jasmin
jared
japan
janlly
janice
jane
jana
jan
jamjim
jamesc
james1
james
jamaica
jake
jaguar
jaddy
jacob
jackysong
jacky.xu
jackson
jacks
jackietian
jackie
jackey77
jack58
jack
j77777
j
iyibly
iwtgal
ivy0802
ivu520
itisme
italy
italia
issak
island
isis
isaac
irish
irene
ireland
iolhcw19891209
intern
interesting
inside
insane
input
inmidas
informix
info
infinny
indigo
indiana
indian
impala
imagine
image
ilwymilwym
iloveyou
iloveu
ilovesunny
iloveshell
iloveme
ilovelandy
ilovecindy
ilove51marry
iexiaoming
ieio
iefidri
idt6548
idt58myd
idiot
icy_cold
icream
icoming
icecream
ib6ub9
iamyoufather
iamox
iamnotadmin
iammcse
iamhase
iam77
i5n1y2
i
hzfeng87
hz52109
hy731006
hxhack
hwz31014
hwy731
huxiao
huiji2010
huhete
hudie
huchennj
huc08
hubing
huangyimin
huangniu
huangmin
huangjie
huangchao
huaiyong
huaidan
hua788
hua423
hu690327
ht984218
ht1212
hsotnicam
hscwym99
hpboy
houting
houston
house
houmen
houhou
hotel
horses
horse
hornet
horizon
hootime
hootie
hoops
hoo
honoer
honker
hongkong
hongker
hongjie
honeyyin
honey
honestyman
honda
homebrew
home248
home
holly
hola
hl0109
hkxy
hkxvexi
hkmm
hkmjj
hkk007
hjilymiao
hisense
hillton
hikaru
hhhhhhhh
hhhhh
hhhh
hhc
hgf123
heyang
herry2
herolon113
hero7702
hero
hermes
herbert
henry
heng
helper
help
hello4432321
hello1
hello
hell0.
hell
helen
heleiliang
heixiaozi
heiseshizhe
heikekk
heike
heihei
heibing
hei
hegenhua
hefengjie
hector
heaven
heart
health
hdj5j39914500hdj
hdhacker
hcskk
hazel
hawk
hatcher
hast
harry
harrison
harold
harcw
happyman
happylili
happyday
happy1
happy
haoya
haomingzhi
haojie
haohaoha
haohao
haode
hao127
hansolo
hannah
hanna
hanjun
hanhan
hal9000
hakecc
hake
haiyang
haixia
haihao
hahahaadminnanfang
hackzll
hackxiaoyu
hacksb
hackrui
hackqingshu
hackmuma
hackmm
hacklm
hackk
hackings
hackiis
hackerwo
hackersb
hacker007
hacker!@#
hacker
hackdlz
hackdiy
hackbase
hackasp
hackandy
hack9324  6
hack6041551
hack58huohu
hack58
hack520
hack169
hack$
hack
haahoo
h4ck3r
h4ck
h2opolo
h23087
h.wumei
h
gy
gxp
gxfc
gwbking
guxing
guxincao2
guokewww
guodun
guo1217
guinness
guido
gui1
guest
guess
gubin
guagua
gt520
gst5927g
gsm99
gs126116
grumpy
gretzky
gretchen
gregory
greg
greenday
green
greatester
graymail
gray
grateful
grassy888
graphic
grant
grace75
grace
gotousa
google250
goofy
goodwang7
goodme
goodhk
good
gongyan
gong951388
gone
golf
gold
goforit
gofish
godzilla
godpan
gocougs
goblue
goat
go
gnef
gloria
glenn
glay
gl0235
gjgj
gj790701
gilles
gibson
ghost 
ghost
gh9581
gh0st
ggwgij
gfteiskkkk
gexing
gerald
georjoejour
georgia
genius
genesis
general
gema
gea598
ge51869
gbx529100
gavinzhou
gator
gateway
gasschem
gasman
gary
garnet
garlic
gaofeng
gaofang
gao
ganster
ganquandimm
gangzi
galileo
galic
galaxy
gaby
gabriell
gabriel
g0502
g
fxue
fxj00
fxh@7802
fuyujie
future
furui15
fun
fujingwen
fugazi
fuckyous
fuckyou
fuckoff
fuckit
fuckhacker
fuckhack
fucker
fuck
ftp123
fst
front242
frogs
frog1
frog
frodo
friend
french1
freeman
freedom
frederic
freddy
fred
freak1
franky
franktang
franklin
frank
francois
france
fozzie
foxtrot
foxroger
fox
fours
fountain
foryou
forrest
forest
ford
fool
foobar
fm365.com
flystar
fluid
floyd
flower
flip
flight
fletcher
fletch
flczlifu
flavor
flash
flamingo
fjghz
fish1
fish
first1
first
fireman
fireball
fire
fiona
finish
fight
fige@919
fifaa
fiction
fhh3141
fgh
ffffffff
ffffff
ff6m8ns8
ferret
ferrari
fengyun
fengyu
fengyi
fengruijia
fengrox
fengjin
felix
feixiang
feixia
feitium
feir1999
feipmc
feinibuqu
feifeiok
feifei
fei4125
feelingxy
feelee
fdjll
fcwang
fclshark
fbi818
fbi123
father
fanxiaolong
fangya
fangshi
faith
faint
fahaosinianzhuanyong
f43b1d
f19ht
f1
f
express
export
explorer
excalibu
evirgo
evilhk
evilhacker
evilhack
evil
europe
eugene
etoile
et520
eric
erase
envonhack
entropy
enter
enigma
energy
emily
elsie
elliot
ellen
ellacat
elizabet
elephant
elephan
electric
elale307
einstein
egypt31
egg
eeyore
eeee
edith
edifier
eddyxuxing
eddie
edc
ed2008
eclipse
echo1224
echo0622
easter
earthdog
eagle1
eagle
e789456
e-mail
e
dzhhome
dynax
dylan
dyj1
dxycgs693
dw8FO9er
dusty
dundee
duke
duji888mamami888
dude
duckie
duck
dsmw
dsddl1ddd23321
drmfslcd
dreamway
dreamsea
dreamh
dreamer
dream
dragonxu
dragonfl
dragon1
douglas
dougie
doug
doudou
dos
doom2
doom
doogie
donqee
donna
donkey
dongjiashell
dongfangniu
dongdong
dongbao8
donald
don
domino
dominic
dolphins
dollars
dogshit
dogbert
dog008
dog
dodgers
dodger
doc
dobetter
dobest
dmxily
dlh001
djboy
dixie
ditto8
discovery
disco
dirrid
dirk
director
direct1
dir1999
dinking
dingwen
dingwei
dinglei
dingdike
dingdang
ding123
dilbert
digital1
dickhead
diaoni
dianshij
diannaodaxia
diane
diana
diamond
diablo10
diablo
dgj
df457
dexilcar
devilblf
deutsch
despair
design
derrydry
derek
depeche
denise
dengjuan
dengfeng
denali
demo
delta
dell
deliver
dekai
deedee
december
debbie
dearbook
dear
dean
deadhead
dead
ddtt
ddok123789
dddddddd
dddd
ddd
dd11
dd
db811103
daytek
dawn
david1
david
dave
database
dasha
dasanlin
darren
darkst
daoqq
daokers
daoker
daoke
daohao
danyanpi612
dantong
danteng
danny
danielle
dangdang
dandan
dancer
dance
dan520
dan
dama
dalang
dajiangda
daiy223
daisy
daijin1998
daddy
da
d8031j
d
czj200
cyrzxl123456
cyrano
cyplove
cynthia
cyclone
cyberkai123
cxl12
cxgps
cutie
cuddles
ctyily
csongyubo
csh6t6
csdncsdn
crystal
cruise
crow
crhcxl520
crespo
creative
crawford
crapp
craig
cqisp
cpfcpf
coyote
courtney
cougars
cosmos
corwin
corrado
corona
coolman
coolgirl
coolfan
cool
cookies
cony
control
conrad
connect
condor
concept
computer
compton
comein
comber
columbia
coltrane
colorado
college
coke
codefc
code8925
coco
cocacola
cobra
cnot
cnland
cn0hack
cms
cmdshell
cmd
cly812512
cloclo
clipper
clever
claudia
claude
classroo
class
clark
clare
clancy
claire
ckpdh
cjs962129
cj1394
cissy
cipher
cindy
cinder
cih123
chuwei626
church
chung...
chun
chui
chuck
chuang
christy
christin
christia
chris1
chocolat
chloe
chiquita
chip
chinasu
chinarrpeng
chinared
chinacom
china
chico
chicken8
chic114
chester1
cherub
cherry
chenzhipengaini
chenxue
chenlr
chenlongkun
chenlei
chenjie
chengnuo
chenglin
chenghao
chenge
cheng
chenabc
chen9417
chen1119
chen
cheirsh
chb0813
charlott
charlie1
charles
charlene
charity
char99
chapman
chaos
chaojixiaofei
chao
chanel
chance
championq
champion
challeng
chairman00
chai9134
ch2158
cgj
cgf731
cfj
cfi
cfdymtq
ceshi2009
cesar
celine
celica
ceibs
cedic
cdma1gsm
cctv123
cctv
ccrong
cck3cc8d
cccccc
cccc
cc
cbs
cbl760208
cats
catfish
catalog
cat123
cat
castle
cassie
cash5188
casey
cascade
carven
caroline
carolina
carole
carmen
carl
cardinal
captain
capp190166
caoyingwu
caowei
caonimei
caonimadebi
caonimade
caonima123
caonima
caoni
caoligang
caodi
caodan
caobingnan1314
cao
canon
cannonda
cannon
canela
candy
cancel
canced
canada
camping
campbell
camille
camera
californ
caitlin
caijunhao
caidi1224
caesar
cactus
c68hxy
c1b62d5
c123x
c1123
bzxyd 
bzxyd
byteme
buzz
buzhidao
butler
butch
business
bunny
bullshit
bullet
bulldog
bull
buffy
buddy
buck
bubble
bubba1
bsbs
brutus
bruce
brooke
brooddf@
brooddf
bronzegoat597
bright
bridges
bridge
brian
brewster
bretange
bozo
boyboy
boy
boss
boris
bootsie
boots
booster
bookbook
boogie
bonnie88
bonjour
bobjsy851027
bobcat
bobby
bob
bni7kg
bmw528
bmw
bluesky
bluemoon
bluemary
bluebird
blue22
blue
blowfish
blonde
blizzard
blackjack
black
bkys4969
bk1975
bjiugui
bj731030
bitch
biscotte
birdonly
birdie
bird33
bird
bir725
binzhanying
binny
binky
bingo
bindy
binbin
bimmer
billyjoy
billy
billchris
bill
bilbo
bigred
bigman
bigmac
big123
bggdaa
bfi
betty
bestlove
besthomel
best_74120299
best
bertha
bernie
bernard
benson
benoit
benny
benjamin
benj
bendan
belle
beijet
beer
beauty
beautifu
bears
bear
beanie
beagle
beachboy
bbbbbb
bbbb
bb2000
bat1323.
basil
basf
baseball
base
barry
barbara
baotou
baogang
banshee
bandit
banane
bamboo
bajyipkf
baiyfkuk
baitao
baikeq
baidusb
baiduadmin
baidu19861113
baidu
baibai
bai223
badger
backpc
bach
babylon5
baby
b5ttyou
b28745
b0925
b
azrael
azhi
ayumi
aylmer
axiao 
axiao
awen570
avalon
autumn
autolab
aust1288
au29to
attila
atninty
athena
ath
atengmu
asterix
ass
aspxadmin
aspx
aspen
aspadmin
asp1314502
asp
ashuai
ash7608
asdww
asdqqq
asdfzxc
asdfjkl;
asdfjkl
asdfghjkl
asdfghjk
asdfgh
asdfg
asdfasdf
asdf1234
asdf
asdd
asdasdasd
asdasd123
asdasd
asd123456
asd123
asas
as123456
as
artnmq5c
artist
arsong
arizona
ariel
ariane
areyouok
aqy392
aq8323
aq123
aptx4869
aptx
april
apple1
apple
apolo13
apollo13
apollo
apache
aoyunhui
anzu
anran
anquanjiance
anonymous
annie
anne
anna
angus
angie
angels
angela
angel54
angel
andyzzz
andyli
andyjun
andy
andrewyu
andrew
andre
anderson
anddy
and
amyamy
amy
amour
amin33
america7
amelie
amelia
amdshi
amber
amanda1
alwcgah
alpine
alpha1
alpha
allo
allison
allen
allanshao
alison
alines
aliens
alice
alfred
alexlee
alexis
alexandr
alexande
alex1
alex
ale5xan7
air
ainixin
ainibubian
aini1314
aini
aikidou
aihaixia
aiezu
ai2000
ai118120
againtry
aeh
advil
adrian
adong198
adminxxx
adminx
admins
administrator
adminimda
adminegamecn
adminchen
admin8888
admin888
admin8824
admin8
admin521
admin520
admin5
admin456
admin123123
admin123
admin12
admin1
adg
adele
adam
adad
acura
active
access
abcdf
abcdefg
abcdef
abcde
abcd123@
abcd1234
abcd
abcabc
abc915
abc321
abc123456
abc123
abc
abby
abandone
ab761214cd
ab1997
aass
aaronhui
aaron
aaaaaaaa
aaaaaa
aaaaa
aaaa
aaaAAA111
aaa123456
aaa123
aaa
aa296419130
aa123456
aa110aa
a5201314
a2007
a1b2c3d4
a1b2c3
a17696
a13879693508.
a135ak47
a1314521
a123456789
a12345678
a1234567
a123456
a12345
a123321
a123123
a123
a119
a111111
a0001
a000000
a
_
^%$#@~!
Zorro
Zombie
Yellow
Yankees
Yamaha
Y.X.Y
Xanadu
Wrestle
Woodland
Wolves
Wizard
Winter
Wilson
Willy
Wheels
Whateve
Whales
Welcome1
Weezer
Webster
WebShell
Warrior
Warren
Warez
Walleye
Voyager
Volleyb
Volley
Viper
Vikings
Viking
Victoria
Vette
Vanessa
Vampire
Tweety
Turtle
Turbo
Trumpet
Trucks
Trouble
Trixie
Trevor
Travis
Tractor
Tootsie
Tomcat
Tinman
Timothy
Tigger
Tigers
Tiffany
Thunder
Thumper
Theresa
Theman
Tester
Teresa
Tennis
Teacher
Tazman
Taylor
Taurus
Tasha
Tardis
Tanner
Tanker
Tandy
Tamara
TNTHK
TEACHERS
T00ls
System
Sydney
Swimmer
Sweets
Sweetie
Susan
Surfer
Sunshin
Summer
Stupid
Studly
Student
Strider
Stimpy
Steven
Startrek
Stanley
Stacey
Squirt
Spunky
Spring
Sports
Spirit
Speedy
Speech
Special
Sparky
Spanky
Spanish
Sonics
Soccer
Snowbal
Snoopy
Sniper
Snicker
Smokey
Smiley
Smiles
Slayer
Skippy
Skinny
Skiing
Skidoo
Skeeter
Skater
Simple
Silver
Sierra
Sidney
Shotgun
Shorty
Shooter
Shithead
Shelly
Sharon
Shannon
Shadows
Shadow
Service
Server2008
Server2005
Senior
Sendit
Secret
Scotty
Scooter
Scooby
Science
School
Scarlett
Satan
Sarah1
Sango
Sanders
Samson
Sampler
Sammie
Sa123456
Sa12345
Sa1234
Sa123
Sa
SASA
SA123456
SA12345
SA1234
SA123
Russell
Russel
Runner
Royals
Rosie
Rosebud
Roping
Rooster
Ronald
Rodman
Robbie
Ripper
Rhonda
Retard
Renee
Reggie
Reefer
Reebok
Redskin
RedDog
Rebels
Rebecca
Reality
Reading
Reader
Raymond
Rasta
Ranger
Raistlin
Raiders
Raider
Racing
Rachel
Rabbit
QAZ123
Pyramid
Purple
Puppies
Pumpkin
Puckett
Psycho
Prince
Porsche
Popeye
Popcorn
Pookie
Polaris
Piglet
Pickle
Picard
Phillip
Petunia
Peter
Pepper
Penguin
Peewee
Pebbles
Peanut
Peaches
Patrick
Patches
Password1
Password01
Password!
Password
Passwor
Panther
Pantera
Pamela
Paladin
Packers
Packer
Packard
Pacers
PR0VIEW!
PPP
PASSWORD11
P@ssw0rd
Orlando
Orange
Online
Oliver
October
OU812
Number1
Nissan
Nirvana
Nicole
Newton
Nelson
Nathan
Natasha
Nascar
NCC1701
NBA861113
Mustang
Murphy
Muffin
Mother
Morris
Montana
Monster
Monkey
Monday
Mittens
Miller
Mikey
Mickey
Michell
Merlin
Melissa
Maxwell
Maveric
Matthew
Masters
Marvin
Martin
Marshal
Marley
Marino
Malibu
Maggie
Maddog
Maddock
Loveme
Louise
Loser
Looney
Lizard
Little
Lindsey
Lindsay
Light
Library
Letter
Letmein
Lestat
Lennon
Lauren
Laser
Larson
Lakota
Lakers
Krystal
Kristy
Kristin
Kristi
Kristen
Kombat
Knights
Knight
Kittens
Kitten
Kinder
Killme
Kayla
Kathryn
Justin
Junior
Junebug
Joshua
Joker
Johnson
Jimbob
Jimbo
Jester
Jessica
Jeremy
Jeffrey
Jeanne
Jasper
January
Jaeger
JSBach
Isabelle
Ironman
Internet
Intel
Iguana
Iceman
Huskers
Hunting
Hunter
HqzX
Howard
Hotrod
Hotdog
Hornets
Honda1
Homer
Hockey1
Hockey
Hobbit
History
Hershey
Herman
Hendrix
Helpme
Heidi
Heather
Hearts
Hawkeye
Hawaii
Hatton
Harvey
Harley
Hanson
Hamster
Hammer
HLJ
Gymnast
Gunner
Guitar
Guest
Grover
Groovy
Griffey
Grandma
Gordon
Gopher
Goober
Golfing
Golfer
Goldie
Golden
Goalie
Global
Gizmo
Ginger
Giants
German
George
Gemini
Garrett
Garfield
Garden
Gandalf
Gambit
G.xp
Fuckme
FuckYou
Fubar
Frosty
Froggy
Friends
Friday
Frankie
Francis
Football
Footbal
Flyers
Fluffy
Flowers
Florida
Flipper
Fishing
Fisher
Firebird
Fender
Farming
Farmer
Fang2001
Family
Falcon
F.S.T
Except
Evav
Espanol
Emmitt
Elwood
Elvis
Elaine
Edward
Eatme
Eagles
Dwight
Dustin
Drums
Drizzt
Dreams
Dorothy
Dookie
Doobie
Dolphin
Doggy
Doggie
Doctor
Disney
Digital
Digger
Dexter
Detroit
Denver
Dennis
Defense
Death
Darwin
Daniel
Dallas
Dakota
DRAGON
DJ168
DEE
Curtis
Cricket
Cracker
Cowboys
Country
Cougar
Copper
Cooper
Cookie
Connie
Compute
Compaq
Colleen
Coffee
Clover
Cleaner
Cindi
Chucky
Christop
Christ
Chrissy
Chris
Chipper
Chiefs
Chicken
Chicago
Chevy1
Chevy
Chester
Cheryl
Chelsea
Cheese
Charlie
ChangeMe
Champs
Center
Celtics
Casper
Casio
Carrie
Carol
Carlos
Cancer
Camaro
Calvin
COWBOY
C
Buttons
Button
Butthead
Buster
Buffalo
Buddha
Bubbles
Bubba
Browns
Broncos
Brenda
Brazil
Braves
Brasil
Brandy
Brandon
Brandi
Bradley
Bowling
Boston
Boomer
Bookit
Booger
Booboo
Bonnie
Boner
Bond007
Blowme
Blondie
Blazer
Blaster
Blackie
Biteme
Biology
Bigfoot
Bigdog
BigBird
Beavis
Beaver
Beatles
Beaner
Batman
Bastard
Basketba
Basketb
Basket
Basebal
Barney
Barbie
Bananas
Banana
Balls
Bailey
Baike
Badboy
Babies
Awesome
Avatar
Author
Austin
August
Asshole
Ashley
Arthur
Arctic
Archie
Apples
Anthony
Animals
Animal
Angela1
Andrea
Amiga
America
Amanda
Alyssa
Alicia
Albert
Alaska
Airhead
Aikman
Aggies
Administrator
Admin@123
Adidas
Action
ASPNET
ABC123
A.M.I
@system*
@20000214
@#$%^&
????
======
0OO00OO00OO0OO00
000000a
00000000
000000
00000
0000
0
......
.....
....
.
*system
*3noguru
********
*******
******
*
%$#@!
$secure$
$admin$
$SRV
$$$$
!root
!@#123
!@#$%^&*
!@#$%^&
!@#$%^
!@#$%
!@