12345678901234567890
1234567890987654321
123456789987654321
123456789987654321
123456789123456789
123456789123456789
112233445566778899
12345678987654321
8866810635956388
1234567887654321
1234567812345678
1122334455667788
198019803014166
77585217758521
77582587758258
52113145211314
52013145201314
52013145201314
50206735020673
36263394643207
28845452884545
13145211314521
13145201314520
12345677654321
12345677654321
11111111111111
8888888888888
7708801314520
7708801314520
7215217758991
6668881204511
1234567891234
1234567891011
1234567890123
1234567890123
1234567890000
1233211234567
1233211234567
1111111111111
951753951753
888888888888
881125881125
753951753951
666666888888
654321654321
584521584521
521521521521
521125521125
456852456852
456123456123
410651410651
314159314159
314159265358
251314251314
211314211314
201320132013
201314201314
200802200802
199508181014%2540hh
159753159753
159357159357
142857142857
135790135790
131421131421
131420131420
123654123654
123456789999
123456789987
123456789987
123456789123
123456789123
123456789012
123456789000
123456789000
123456654321
123456654321
123456123456
123456123456
123412341234
123321456654
123321123321
123321123321
123123123123
123123123123
123012301230
112358132134
112358112358
112233445577
112233445566
112233445566
112233112233
111222333444
111122223333
111111222222
111111111111
111111111111
110120110120
110119110119
110110110110
110110110110
102030102030
100200100200
99999999999
98765432100
89080620084
88888888888
084119084123
082788888888
77585211314
77585201314
74108520963.
68973435779
58451201314
58080596547
55555666666
054821054821
52113141314
52013143344
52013143344
52013141314
52013141314
31415926535
30798764681
19871271987
18685450118
18319998093
18017800522
15959502420
15890193764
15831562929
15757873371
14725836900
13919936479
13801001020
13800138000
13800138000
13654006821
13628792658
13603095163
13580374607
13579246810
13579246810
13530023404
13505921057
13410253586
13324016206
13145201314
13145201314
13128255707
13093313856
13008003566
12345678999
12345678990
12345678962
12345678912
12345678911
12345678910
12345678910
012345678910
12345678909
12345678901
12345678900
12345678900
12345678123
12345678000
12345654321
12345654321
12301230123
11111111111
11111111111
10987654321
010203040506
010203040506
9999999999
9999999999
9999999998
9999999990
9999988888
9999900000
9988776655
9987654321
9898989898
9876543219
9876543211
9876543211
9876543210
9876543210
09876543210
9874563210
09715228888
9638527410
9638527410
9632587410
9409050000
8989898989
8975789757
8888899999
8888888899
8888888889
8888888888
8888888888
8888888800
8888866666
8888800000
8765432100
8573120654
08277110400
8012160713
8008208820
8008208820
7894561230.
7894561230
7894561230
7777788888
7777777777
7777777777
7758521521
7758521521
7758521520
7758521123
7758521000
7758258520
7758258258
7758258123
07623828888
7418529630
7418529630
7410852963
7215217758
6868686868
6789012345
6677889900
6666699999
6666688888
6666666666
6666666666
6135767431
06124308030
05962514787
5858585858
5845213344
5845211314
5845211314
5845201314
5845201314
5845131421
5845131420
5841314521
5841314520
5841314520
5678956789
5678901234
5566778899
5555588888
5555566666
5555555555
5555555555
5555500000
5544332211
5432167890
5432154321
5432112345
5418854188
5213713752
5211314521
5205201314
5205201314
5203344587
5201314789
5201314584
5201314520
5201314520
5201314159
5201314123
5201314123
5201314000
5201314000
5200251314
4567890123
4455667788
4444444444
4444444444
4294967296
4008899511
4008886677
4008882888
4008838853
4008802802
4008527527
4008305555
4008262616
4008209999
4008208820chenjunsheng
4008203333
4008123456
4007393639
4007160888
4007007899
4006998998
4006797979
4006770066
4006665678
4006505151
4006121268
4006006988
4001840018
4001001111
4000851330
4000076868
4000034567
3714261985
3692581470
3344556677
3333388888
3333333333
3333333333
3216732167
3216549870
3141592654
3141592653
3135134162
3132333435
3106028011
2999811983
2870873859
2718281828
2582587758
2582525775
2468013579
2345678910
2345678901
2269439999
2233445566
2222288888
2222233333
2222222222
2222222222
2222211111
2013250009
2013063222
2013037119
2003101000
1985111802
1980021600
1887415157
1818181818
1688888888
1593572468
1472583699
1472583691
1472583690
1472583690
1472580369
1415926535
1380013800
1357924680
1357924680
1357913579
1357913579
1357902468
1346798520
1314521521
1314520520
1314520520
1314520123
1314520123
1313131313
1305821983
1258012580
1237894560
1236987450
1236547890
1236547890
1234598765
1234569870
1234567899
1234567899
1234567898
1234567896
1234567895
1234567895
1234567892
1234567891
1234567891
1234567890b
1234567890abc
1234567890a
1234567890a
1234567890.
1234567890.
1234567890-=
1234567890
1234567890
01234567890
01234567890
1234567889
1234567888
1234567812
1234567811
1234567809
1234567809
1234567800
1234567123
1234561234
1234560123
1234560123
1234560000
1234556789
1234554321
1234554321
1234512345
1234512345
1234509876
1234509876
1234506789
1234500000
1233211234
1231512315
1231512315
1231234567
1231231234
1231231231
1231231230
1231231230
1230456789
1224567890
1223334444
1223334444
1213141516
1213141516
1212121212
1212121212
1133557799
1123581321
1123581321
1123456789
1122334455
1122334455
1116903785
1112223334
1112223330
1112131415
1111199999
1111188888
1111155555
1111122222
1111122222
1111111112
1111111111
1111111111
1111111110
1111100000
1105201314
1029384756
1029384756
1023456789
1020304050
1020304050
1010101010
1010101010
1008610086
1008610086
1008610010
1001010010
1000010000
1000000000
999999999
999999999
999888777
999888777
999666333
999666333
998998998
998998998
997440384
988888888
987987987
987987987
987654321a
987654321a
987654321.
987654321
987654321
0987654321
0987654321
987654320
987654312
987654123
987654123
0987612345
987456321
987456321
987456123
987456123
987412365
987321654
987123456
963963963
963963963
963852741
963852741
963258741
963258741
963214785
951753852
951753123
0932313521
918918918
918918918
912345678
911911911
911911911
896352639
888999000
888899999
888888889
888888889
888888888
888888888
888888886
888888881
888888880
886886886
885201314
876543219
876543211
876543210
876543210
852852852
852741963
838099560
826826826
812345678
0811603077
800800800
794613852
790297648
789987789
789852123
789789789
789789789
789654123
789654123
789632145
789512357
789456123
789456123
789123456
789123456
777888999
777888999
777777777
777777777
775852100
770880520
770880520
753951456
753951123
748748748
748159263
741852963
741852963
741741741
741741741
741258963
741258963
741236985
731731731
729729729
709514135
678678678
668668668
668668668
666888999
666888999
666777888
666688888
666666666
666666666
654654654
636973636f
630158513
624624624
619030475
618618618
618618618
614614614
602602602
601601601
588888888
588588588
584334421
584211314
584201314
584131421
584131420
569874123
568568568
562059487
555666888
555666777
555666777
555555555
555555555
551648586
547896321
546546546
545007273
541881452
528528528
528528528
527527527
526526526
523523523
523523523
521521521
521521521
521224727
521125521
520520520
520520520
520131499
520131488
520131488
520131456
520131415
520131415
520131411
520131400
520131400
520123456
520123456
520090025hgb
518518518
518518518
0518051818
517517517
517517517
516516516
513513513
512512512
512512512
510510510
510406030
508508508
507507507
504504504
503503503
502502502
502502502
501501501
492357816
456852852
456852456
456852123
456789123
456789123
456456456
456456456
456123789
456123789
456123456
456123123
444555666
444455555
444444444
416416416
415415415
412412412
411192710
410410410
408408408
407407407
406406406
405405405
403403403
402402402
401401401
383838438
369874125
369852147
369852147
369369369
369369369
369258147
369258147
360360360
0340412124abcd
335201314
334205265
333666999
333666999
333666888
333444555
333333333
333333333
333222111
326326326
325325325
321654987
321654987
321456987
321456789
321456789
321321321
321321321
320320320
320320320
319319319
318318318
318318318
316316316
316316316
315315315
315315315
314314314
314159265
312312312
312312312
311311311
311311311
310310310
310310310
309309309
308308308
307307307
306306306
305488940
305305305
304304304
303303303
302302302
301415926
301301301
299792458
258369147
258369147
258258258
258258258
258147369
254044375
250976046
250250250
250250250
234567891
234567890
234234234
223456789
222555888
222333444
222222222
222222222
221221221
218218218
218218218
216216216
214214214
213213213
213213213
211211211
211211211
210210210
210210210
209209209
208208208
207207207
206206206
205205205
204204204
203203203
203203203
202202202
201314520
201201201
201201201
200401265
198712821
198710086
198198198
194983521
192837465
192837465
191154120
189189189
188888888
188188188
187222455
186186186
184866884
178678789
176219444
175638080
168168168
168168168
167669123
163163163
159951159
159753456
159753159
159753123
159753123
159357456
159357456
159357258
159357258
159357159
159357123
159357123
159258357
159159159
159159159
158158158
158158158
149162536
147896325
147896325
0147896325
147896321
147852963
147852369
147852369
147369258
147369258
147258963
147258369a
147258369.
147258369
147258369
0147258369
0147258369
147147147
147147147
142536789
141592653
141242343
139139139
139139139
138138138
138138138
136136136
136136136
135792468
135792468
135791113
135781012
135521234
135246789
135246789
135135135
135135135
134679852
134679258
134679258
134567890
133133133
133133133
132465798
132132132
132132132
131452100
131452000
131452000
131415926
130130130
130130130
129129129
128128128
128128128
127127127
126126126
125125125
125125125
124578963
124578369
124124124
123987654
123987456
123987456
123789456
123789456
123789123
123789123
123698745
123698745
123698741
123654987
123654987
123654789
123654789
0123654789
123654123
123654123
123581321
123567890
123467890
123459876
123457890
123456999
123456987
123456987
123456890
123456888
123456888
123456799
123456798
123456798
123456790
123456789z
123456789z
123456789y
123456789x
123456789x
123456789w
123456789w
123456789t
123456789s
123456789qwe
123456789qq
123456789qaz
123456789q
123456789q
123456789p
123456789o
123456789o
123456789m
123456789m
123456789l
123456789l
123456789c
123456789b
123456789b
123456789asd
123456789abcd
123456789abc
123456789abc
123456789ab
123456789aaa
123456789aaa
123456789aa
123456789aa
123456789a
123456789a
123456789QQ
123456789@
123456789.0
123456789...
123456789..
123456789..
123456789.
123456789.
123456789+
123456789*
123456789*
123456789!
123456789
123456789
0123456789
0123456789
00123456789
123456788
123456788
123456787
123456781
123456781
123456780
123456780
0123456780
123456778
123456777
123456700
123456678
123456654
123456654
123456520
123456520
123456456
123456456
123456321
123456321
123456123
123456123
123456111
123456000
123456000
123454321
123454321
123451234
123412345
123321456
123321456
123321123
123321123
123321000
123321000
123123789
123123456
123123456
123123321
123123321
123123123a
123123123
123123123
0123123123
123123000
123000123
123000000
122122122
121121121
121121121
120120120
120120120
119119119
119119119
118118118
118118118
117117117
116116116
114114114
114114114
113113113
113113113
112345678
112233456
112233445
112233445
112233123
112233123
112112112
112112112
111666888
111333555
111222333
111222333
111111121
111111112
111111112
111111111
111111111
111111110
110220330
110120130
110120130
110120119
110120119
110120110
110119120
110119120
110119110
110112119
110112119
110112113
110110110
110110110
108108108
108108108
106106106
105105105
103103103
102102102
102102102
0102030405
0102030405
101101101
101101101
0101010101
100861111
100200300
100200300
100200100
100100100
100100100
100000000
100000000
99999999
99999999
99999998
99998888
99998888
99996666
99996666
99995555
99991111
99990000
99990000
99889988
99887766
99887766
99819981
98989898
98989898
98888888
98769876
98765432
98765432
098765432
98765431
98765321
98764321
98761234
98741236
98188729
97654321
96969696
96969696
96385274
96385274
96321478
96111111
95959595
95279527
95279527
95105555
90909090
90909090
90332773
89898989
89898989
88998899
88998899
88990099
88982866
88892218
88889999
88889999
88888999
88888899
88888889
88888888a
88888888A
88888888.
88888888
88888888
88888887
88888886
88888881
88888880
88888866
88888800
88888666
88888168
88887777
88886666
88886666
88885555
88884444
88883333
88882222
88881234
88881111
88880000
88880000
88776655
88771024
88668866
88488848
88123456
88008800
87878787
87878787
87654322
87654321a
87654321
87654321
087654321
87654320
87654312
87654123
87651234
87651234
86983659
86868686
86868686
86680101
86231800
85858585
85858585
85602222
85411165
85308888
85208520
85208520
85050888
85011429
84821742
84423196
84131421
83869247
82910479afoundry
82828282
82537724
82468246
82320888
81828384
81818181
81818181
81588301
81234567
80908090
80808080
80808080
80238023
80238023
80008000
80000000
79797979
79797979
78978978
78963214
78951230
78945612
78945612
78907890
78888888
78787878
78787878
77889900
77889900
77887788
77887788
77885210
77881230
77788899
77779999
77778888
77778888
77777778
77777777
77777777
77776666
77587758
77587758
77585211
77585211
77585210
77585210
77585200
77585200
77582588
77582588
77582580
77582580
76543210
76543210
75395100
75237523
74747474
74511940
74185296
74185296
74123698
74108520
74108520
74107410
70701111
69696969
69696969
69378261
68888888
68856636
68686868
68686868
67899876
67896789
67891234
67676767
67676767
66895842
66889900
66888888
66886688
66886688
66778899
66778899
66700388
66688899
66688888
66688800
66669999
66669999
66668888
66668888
66667777
66667777
66666888
66666688
66666688
66666668
66666666
66666666
66665555
66663333
66661111
66660000
66079350
65656565
65656565
65432111
65432100
65432100
64916677
64355111
63636363
61777777
61616161
61616161
61246666
60729043
60200946
59595959
59505950
58888888
58585858
58585858
56785678
56785678
56781234
56781234
56565656
56565656
56215487
55668899
55667788
55667788
55665566
55665566
55588888
55559999
55558888
55558888
55557777
55556666
55556666
55555555
55555555
55555333
55554444
55552222
55551111
55550000
55201314
55088660
54545454
0054444944
54185418
54181452
53589793
53231323
53215321
52771314
52571314
52525252
52525252
52331314
52113141
52113140
52113140
52111314
52105210
52101314
52100000
52088888
52052052
52052000
52013149
52013148
52013148
52013145
52013145
52013144
52013144
52013141
52013141
52013140
52013140
52012345
52005200
52005200
52001314
52001314
52000000
52000000
51888888
51888888
51885188
51885188
51851888
51515151
51515151
51211314
51201314
46709394
45874587
45685200
45683968
45678912
45678910
45678900
45678900
45674567
45612312
45612300
45454545
45454545
44678888
44556677
44556677
44448888
44448888
44446666
44445555
44444444
44444444
44443333
44370275
44332211
44332211
43420024
43218765
43215678
43214321
43211234
42011178
39392788hlhl
38383838
38383838
38183818
37214728
37213721
37213721
36988888
36987412
36971288
36936936
36925814
36363636
36363636
35353535
35353535
34567890
34567890
34416912
34343434
33787943
33669988
33669900
33668899
33455432
33445566
33445566
33445200
33355555
33339999
33338888
33338888
33337777
33336666
33336666
33335555
33334444
33334444
33333333
33333333
33332222
33331111
33330000
33221100
33221100
33123456
33000999
32323232
32323232
32145678
32132132
32132100
32103210
31496081
31415927
31415926
31415926
31313131
30303030
30303030
29452300
28883888
28288000
28282828
28282828
27272727
27272727
27182818
27105821
26511314
26262626
26262626
25897758
25836900
25802580
25802580
25321308
25257758
25257758
25252525
25252525
25251325
24682468
24682468
24681357
24681357
24681012
24681012
24242424
23558573
23456789
23456789
23456781
23452345
23427292
23242526
23242526
23232323
23232323
023023023
22558800
22446688
22446688
22345678
22336688
22334455
22334455
22229999
22228888
22227777
22226666
22225555
22224444
22223333
22223333
22222222
22222222
22221111
22221111
22220000
21882188
21876346a
21436587
21345678
21345678
21212121
21212121
20202020
20202020
20148888
20142014
20140101
20138888
20132014
20132013
20131415
20131400
20131314
20131313
20131234
20131212
20131111
20131015
20131014
20131010
20131001
20130909
20130901
20130818
20130808
20130801
20130707
20130701
20130601
20130520
20130501
20130401
20130303
20130301
20130104
20130101
20130000
20128888
20122013
20122012
20121314
20121221
20121212
20121126
20121111
20121101
20121001
20120808
20120101
20112012
20112011
20111111
20110101
20102010
20102010
20101010
20100101
20100000
20092010
20092009
20092009
20090909
20090909
20090101
20082009
20082009
20082008
20082008
20080808
20080808
20080101
20072008
20072007
20070101
20062006
20052005
20051115
20042008
20042004
20032003
20022002
20021212
20012001
20002000
20000000
19999999
19990125
19971997
19970701
19961996
19951995
19950812
19950601
19941994
19941128
19931993
19930906
19930328
19921992
19911991
19901990
19901990
19901230
19901227
19901225
19901224
19901221
19901220
19901218
19901215
19901214
19901213
19901212
19901211
19901210
19901206
19901130
19901129
19901128
19901127
19901126
19901125
19901124
19901123
19901122
19901120
19901117
19901115
19901112
19901111
19901110
19901105
19901102
19901101
19901030
19901029
19901028
19901027
19901026
19901025
19901024
19901023
19901022
19901021
19901020
19901019
19901018
19901017
19901016
19901015
19901014
19901013
19901012
19901011
19901010
19901010
19901008
19901003
19901002
19901001
19900916
19900910
19900824
19900820
19900818
19900811
19900801
19900718
19900711
19900707
19900624
19900526
19900525
19900523
19900520
19900516
19900513
19900512
19900510
19900505
19900504
19900503
19900415
19900329
19900321
19900320
19900314
19900312
19900307
19900306
19900301
19900228
19900227
19900219
19900218
19900217
19900216
19900215
19900214
19900213
19900211
19900210
19900209
19900208
19900207
19900206
19900205
19900203
19900202
19900201
19900126
19900125
19900124
19900123
19900122
19900118
19900113
19900110
19900109
19900108
19900105
19900104
19900102
19900101
19891989
19891989
19891231
19891230
19891229
19891228
19891227
19891226
19891225
19891224
19891223
19891222
19891221
19891220
19891219
19891218
19891217
19891216
19891215
19891214
19891213
19891212
19891212
19891211
19891210
19891209
19891208
19891207
19891206
19891205
19891204
19891203
19891202
19891201
19891130
19891129
19891128
19891127
19891126
19891125
19891124
19891123
19891122
19891121
19891120
19891119
19891118
19891117
19891116
19891115
19891114
19891113
19891112
19891111
19891110
19891109
19891108
19891107
19891106
19891105
19891104
19891103
19891102
19891101
19891031
19891030
19891029
19891028
19891027
19891026
19891025
19891024
19891023
19891022
19891021
19891020
19891019
19891018
19891017
19891016
19891015
19891014
19891013
19891012
19891011
19891010
19891010
19891009
19891008
19891007
19891006
19891005
19891004
19891003
19891002
19891001
19891001
19890929
19890928
19890927
19890926
19890925
19890924
19890923
19890922
19890921
19890920
19890919
19890918
19890917
19890916
19890915
19890914
19890913
19890912
19890911
19890910
19890909
19890908
19890907
19890906
19890905
19890904
19890903
19890902
19890901
19890830
19890829
19890828
19890827
19890826
19890825
19890824
19890823
19890822
19890821
19890820
19890819
19890818
19890817
19890816
19890815
19890814
19890813
19890812
19890811
19890810
19890809
19890808
19890806
19890805
19890804
19890803
19890802
19890801
19890729
19890728
19890727
19890726
19890725
19890724
19890723
19890722
19890721
19890720
19890719
19890718
19890717
19890716
19890715
19890714
19890713
19890712
19890711
19890710
19890709
19890708
19890707
19890706
19890705
19890704
19890703
19890702
19890701
19890630
19890629
19890628
19890627
19890626
19890625
19890624
19890623
19890622
19890621
19890620
19890619
19890618
19890617
19890616
19890615
19890614
19890613
19890612
19890611
19890610
19890609
19890608Swk
19890608
19890607
19890606
19890605
19890604
19890603
19890602
19890601
19890529
19890528
19890527
19890526
19890525
19890524
19890523
19890522
19890521
19890520
19890519
19890518
19890517
19890516
19890515
19890514
19890513
19890512
19890511
19890510
19890509
19890508
19890507
19890506
19890505
19890504
19890503
19890502
19890501
19890430
19890429
19890428
19890427
19890426
19890425
19890423
19890422
19890421
19890420
19890419
19890418
19890417
19890416
19890415
19890414
19890413
19890412
19890411
19890410
19890409
19890408
19890407
19890406
19890405
19890404
19890403
19890402
19890401
19890329
19890328
19890327
19890326
19890325
19890324
19890323
19890322
19890321
19890320
19890319
19890318
19890317
19890316
19890315
19890314
19890313
19890312
19890311
19890310
19890309
19890308
19890307
19890306
19890305
19890304
19890303
19890302
19890301
19890228
19890227
19890226
19890225
19890224
19890223
19890222
19890221
19890220
19890219
19890218
19890217
19890216
19890215
19890214
19890213
19890212
19890211
19890210
19890209
19890208
19890207
19890206
19890205
19890204
19890203
19890202
19890201
19890130
19890129
19890128
19890127
19890126
19890125
19890124
19890123
19890122
19890121
19890120
19890119
19890118
19890117
19890116
19890115
19890114
19890113
19890112
19890111
19890110
19890109
19890108
19890107
19890106
19890105
19890104
19890103
19890102
19890101
19888888
19888888
19881988
19881988
19881231
19881230
19881229
19881228
19881227
19881226
19881225
19881224
19881223
19881222
19881221
19881220
19881219
19881218
19881217
19881216
19881215
19881214
19881213
19881212
19881212
19881211
19881210
19881209
19881208
19881207
19881206
19881205
19881204
19881203
19881202
19881201
19881130
19881129
19881128
19881127
19881126
19881125
19881124
19881123
19881122
19881121
19881120
19881119
19881118
19881117
19881116
19881115
19881114
19881113
19881112
19881111
19881110
19881109
19881108
19881107
19881106
19881105
19881104
19881103
19881102
19881101
19881031
19881030
19881029
19881028
19881028
19881027
19881026
19881025
19881024
19881023
19881022
19881021
19881020
19881019
19881018
19881017
19881016
19881015
19881014
19881013
19881012
19881011
19881010
19881010
19881009
19881008
19881007
19881006
19881005
19881004
19881003
19881002
19881001
19880929
19880928
19880927
19880926
19880925
19880924
19880923
19880922
19880921
19880920
19880919
19880918
19880917
19880916
19880915
19880914
19880913
19880912
19880911
19880910
19880909
19880908
19880907
19880906
19880905
19880904
19880903
19880902
19880901
19880831
19880830
19880829
19880828
19880827
19880826
19880825
19880824
19880823
19880822
19880821
19880820
19880819
19880818
19880818
19880817
19880816
19880815
19880814
19880813
19880812
19880811
19880810
19880809
19880808
19880808
19880807
19880806
19880805
19880804
19880803
19880802
19880801
19880730
19880729
19880728
19880727
19880726
19880725
19880724
19880723
19880722
19880721
19880720
19880719
19880718
19880717
19880716
19880715
19880714
19880713
19880712
19880711
19880710
19880709
19880708
19880707
19880706
19880705
19880704
19880703
19880702
19880701
19880630
19880629
19880628
19880627
19880626
19880625
19880624
19880623
19880622
19880621
19880620
19880619
19880618
19880617
19880616
19880615
19880614
19880613
19880612
19880611
19880610
19880609
19880608
19880607
19880606
19880605
19880604
19880603
19880602
19880601
19880531
19880530
19880529
19880528
19880527
19880526
19880525
19880524
19880523
19880522
19880521
19880520
19880519
19880518
19880517
19880516
19880515
19880514
19880513
19880512
19880511
19880510
19880509
19880508
19880507
19880506
19880505
19880504
19880503
19880502
19880501
19880429
19880428
19880427
19880426
19880425
19880424
19880423
19880422
19880421
19880420
19880419
19880418
19880417
19880416
19880415
19880414
19880413
19880412
19880411
19880410
19880409
19880408
19880407
19880406
19880405
19880404
19880403
19880402
19880401
19880331
19880330
19880329
19880328
19880327
19880326
19880325
19880324
19880323
19880322
19880321
19880320
19880319
19880318
19880317
19880316
19880315
19880314
19880313
19880312
19880311
19880310
19880309
19880308
19880307
19880306
19880305
19880304
19880303
19880302
19880301
19880229
19880228
19880227
19880226
19880225
19880224
19880223
19880222
19880221
19880220
19880219
19880218
19880217
19880216
19880215
19880214
19880213
19880212
19880211
19880210
19880209
19880208
19880207
19880206
19880205
19880204
19880203
19880202
19880201
19880131
19880130
19880129
19880128
19880127
19880126
19880125
19880124
19880123
19880122
19880121
19880120
19880119
19880118
19880117
19880116
19880115
19880114
19880113
19880112
19880111
19880110
19880109
19880108
19880107
19880106
19880105
19880104
19880103
19880102
19880101
19871987
19871987
19871231
19871230
19871229
19871228
19871227
19871226
19871225
19871224
19871223
19871222
19871221
19871220
19871219
19871218
19871217
19871216
19871215
19871214
19871213
19871212
19871211
19871210
19871209
19871208
19871207
19871206
19871205
19871204
19871203
19871202
19871201
19871130
19871129
19871128
19871127
19871126
19871125
19871124
19871123
19871122
19871121
19871120
19871119
19871118
19871117
19871116
19871115
19871114
19871113
19871112
19871111
19871110
19871109
19871108
19871107
19871106
19871105
19871104
19871103
19871102
19871101
19871031
19871030
19871029
19871028
19871027
19871026
19871025
19871024
19871023
19871022
19871021
19871020
19871019
19871018
19871017
19871016
19871015
19871014
19871013
19871012
19871011
19871010
19871009
19871008
19871007
19871006
19871005
19871004
19871003
19871002
19871001
19870930
19870929
19870928
19870927
19870926
19870925
19870924
19870923wex
19870923
19870922
19870921
19870920
19870920
19870919
19870918
19870917
19870916
19870915
19870914
19870913
19870912
19870911
19870910
19870909
19870908
19870907
19870906
19870905
19870904
19870903
19870902
19870901
19870831
19870830
19870829
19870828
19870827
19870826
19870825
19870824
19870823
19870822
19870821
19870820
19870819
19870818
19870817
19870816
19870815
19870814
19870813
19870812
19870811
19870810
19870809
19870808
19870807
19870806
19870805
19870804
19870803
19870802
19870801
19870730
19870729
19870728
19870727
19870726
19870725
19870724
19870723
19870722
19870721
19870720
19870719
19870718
19870717
19870716
19870715
19870714
19870713
19870712
19870711
19870710
19870709
19870708
19870707
19870706
19870705
19870704
19870703
19870702
19870701
19870630
19870629
19870628
19870627
19870626
19870625
19870624
19870623
19870622
19870621
19870620
19870619
19870618
19870617
19870616
19870615
19870614
19870613
19870612
19870611
19870610
19870609
19870608
19870607
19870606
19870605
19870604
19870603
19870602
19870601
19870531
19870530
19870529
19870528
19870527
19870526
19870525
19870524
19870523
19870522
19870521
19870520
19870519
19870518
19870517
19870516
19870515
19870514
19870513
19870512
19870511
19870510
19870509
19870508
19870507
19870506
19870505
19870504
19870503
19870502
19870501
19870430
19870429
19870428
19870427
19870426
19870425
19870424
19870423
19870422
19870421
19870420
19870419
19870418
19870417
19870416
19870415
19870414
19870413
19870412
19870411
19870410
19870409
19870408
19870407
19870406
19870405
19870404
19870403
19870402
19870401
19870331
19870330
19870329
19870328
19870327
19870326
19870325
19870324
19870323
19870322
19870321
19870320
19870319
19870318
19870317
19870316
19870315
19870314
19870313
19870312
19870311
19870310
19870309
19870308
19870307
19870306
19870305
19870304
19870303
19870302
19870301
19870228
19870227
19870226
19870225
19870224
19870223
19870222
19870221
19870220
19870219
19870218
19870217
19870216
19870215
19870214
19870213
19870212
19870211
19870210
19870209
19870208
19870207
19870206
19870205
19870204
19870203
19870202
19870201
19870131
19870130
19870129
19870128
19870127
19870126
19870125
19870124
19870123
19870122
19870121
19870120
19870119
19870118
19870117
19870116
19870115
19870114
19870113
19870112
19870111
19870110
19870109
19870108
19870107
19870106
19870105
19870104
19870103
19870102
19870101
19861986
19861986
19861231
19861230
19861229
19861228
19861227
19861226
19861225
19861224
19861223
19861222
19861221
19861220
19861219
19861218
19861217
19861216
19861215
19861214
19861213
19861212
19861212
19861211
19861210
19861209
19861208
19861207
19861206
19861205
19861204
19861203
19861202
19861201
19861130
19861129
19861128
19861127
19861126
19861125
19861124
19861123
19861122
19861121
19861120
19861119
19861118
19861117
19861116
19861115
19861114
19861113
19861112
19861111
19861110
19861109
19861108
19861107
19861106
19861105
19861104
19861103
19861102
19861101
19861031
19861030
19861029
19861028
19861027
19861026
19861025
19861024
19861023
19861022
19861021
19861020
19861019
19861018
19861017
19861016
19861015
19861014
19861013
19861012
19861011
19861010
19861010
19861009
19861008
19861007
19861006
19861005
19861004
19861003
19861002
19861001
19860929
19860928
19860927
19860926
19860925
19860924
19860923
19860922
19860921
19860920
19860919
19860918
19860917
19860916
19860915
19860914
19860913
19860912
19860911
19860910
19860909
19860908
19860907
19860906
19860905
19860904
19860903
19860902
19860901
19860830
19860829
19860828
19860827
19860826
19860825
19860824
19860823
19860822
19860821
19860820
19860819
19860818
19860817
19860816
19860815
19860814
19860813
19860812
19860811
19860810
19860809
19860808
19860807
19860806
19860805
19860804
19860803
19860802
19860801
19860729
19860728
19860727
19860726
19860725
19860724
19860723
19860722
19860721
19860720
19860719
19860718
19860717
19860716
19860715
19860714
19860713
19860712
19860711
19860710
19860709
19860708
19860707
19860706
19860705
19860704
19860703
19860702
19860701
19860630
19860629
19860628
19860627
19860626
19860625
19860624
19860623
19860622
19860621
19860620
19860619
19860618
19860617
19860616
19860615
19860614
19860613
19860612
19860611
19860610
19860609
19860608
19860607
19860606
19860605
19860604
19860603
19860602
19860601
19860530
19860529
19860528
19860527
19860526
19860525
19860524
19860523
19860522
19860521
19860520
19860519
19860518
19860517
19860516
19860515
19860514
19860513
19860512
19860511
19860510
19860509
19860508
19860507
19860506
19860505
19860504
19860503
19860502
19860501
19860429
19860428
19860427
19860426
19860425
19860424
19860423
19860422
19860421
19860420
19860419
19860418
19860417
19860416
19860415
19860414
19860413
19860412
19860411
19860410
19860409
19860408
19860407
19860406
19860405
19860404
19860403
19860402
19860401
19860330
19860329
19860328
19860327
19860326
19860325
19860324
19860323
19860322
19860321
19860320
19860319
19860318
19860317
19860316
19860315
19860314
19860313
19860312
19860311
19860310
19860309
19860308
19860307
19860306
19860305
19860305
19860304
19860303
19860302
19860301
19860228
19860227
19860226
19860225
19860224
19860223
19860222
19860221
19860220
19860219
19860218
19860217
19860216
19860215
19860214
19860213
19860212
19860211
19860210
19860209
19860208
19860207
19860206
19860205
19860204
19860203
19860202
19860201
19860129
19860128
19860127
19860126
19860125
19860124
19860123
19860122
19860121
19860120
19860119
19860118
19860117
19860116
19860115
19860114
19860113
19860112
19860111
19860110
19860109
19860108
19860107
19860106
19860105
19860104
19860103
19860102
19860101
19851985
19851985
19851231
19851230
19851229
19851228
19851227
19851226
19851225
19851224
19851223
19851222
19851221
19851220
19851219
19851218
19851217
19851216
19851215
19851214
19851213
19851212
19851211
19851210
19851209
19851208
19851207
19851206
19851205
19851204
19851203
19851202
19851201
19851130
19851129
19851128
19851127
19851126
19851125
19851124
19851123
19851122
19851121
19851120
19851119
19851118
19851117
19851116
19851115
19851114
19851113
19851112
19851111
19851110
19851109
19851108
19851107
19851106
19851105
19851104
19851103
19851102
19851101
19851031
19851030
19851029
19851028
19851027
19851026
19851025
19851024
19851023
19851022
19851021
19851020
19851019
19851018
19851017
19851016
19851015
19851014
19851013
19851012
19851011
19851010
19851009
19851008
19851007
19851006
19851005
19851004
19851003
19851002
19851001
19850930
19850929
19850928
19850927
19850926
19850925
19850924
19850923
19850922
19850921
19850920
19850919
19850918
19850917
19850916
19850915
19850914
19850913
19850912
19850911
19850910
19850909
19850908
19850907
19850906
19850905
19850904
19850903
19850902
19850901
19850829
19850828
19850827
19850826
19850825
19850824
19850823
19850822
19850821
19850820
19850819
19850818
19850817
19850816
19850815
19850814
19850813
19850812
19850811
19850810
19850809
19850808
19850807
19850806
19850805
19850804
19850803
19850802
19850801
19850730
19850729
19850728
19850727
19850726
19850725
19850724
19850723
19850722
19850721
19850720
19850719
19850718
19850717
19850716
19850715
19850714
19850713
19850712
19850711
19850710
19850709
19850708
19850707
19850706
19850705
19850704
19850703
19850702
19850701
19850630
19850629
19850628
19850627
19850626
19850625
19850624
19850623
19850622
19850621
19850620
19850619
19850618
19850617
19850616
19850615
19850614
19850613
19850612
19850611
19850610
19850609
19850608
19850607
19850606
19850605
19850604
19850603
19850602
19850601
19850530
19850529
19850528
19850527
19850526
19850525
19850524
19850523
19850522
19850521
19850520
19850519
19850518
19850517
19850516
19850515
19850514
19850513
19850512
19850511
19850510
19850509
19850508
19850507
19850506
19850505
19850504
19850503
19850502
19850501
19850429
19850428
19850427
19850426
19850425
19850424
19850423
19850422
19850421
19850420
19850419
19850418
19850417
19850416
19850415
19850414
19850413
19850412
19850411
19850410
19850409
19850408
19850406
19850404
19850403
19850402
19850401
19850330
19850329
19850328
19850327
19850326
19850325
19850324
19850323
19850322
19850321
19850320
19850319
19850318
19850317
19850316
19850315
19850314
19850313
19850312
19850311
19850310
19850309
19850308
19850307
19850306
19850305
19850304
19850303
19850302
19850301
19850228
19850227
19850226
19850225
19850224
19850223
19850222
19850221
19850220
19850219
19850218
19850217
19850216
19850215
19850214
19850213
19850212
19850211
19850210
19850209
19850208
19850207
19850206
19850205
19850204
19850203
19850202
19850201
19850130
19850129
19850128
19850127
19850126
19850125
19850124
19850123
19850122
19850121
19850120
19850119
19850118
19850117
19850116
19850115
19850114
19850113
19850112
19850111
19850110
19850109
19850108
19850107
19850106
19850105
19850104
19850103
19850102
19850101
19850000
19841984
19841984
19841231
19841230
19841229
19841228
19841227
19841226
19841225
19841224
19841223
19841222
19841221
19841220
19841219
19841218
19841217
19841216
19841215
19841214
19841213
19841212
19841211
19841210
19841209
19841208
19841207
19841206
19841205
19841204
19841203
19841202
19841201
19841130
19841129
19841128
19841127
19841126
19841125
19841124
19841123
19841122
19841121
19841120
19841119
19841118
19841117
19841116
19841115
19841114
19841113
19841112
19841111
19841110
19841109
19841108
19841107
19841106
19841105
19841104
19841103
19841102
19841101
19841031
19841030
19841029
19841028
19841027
19841026
19841025
19841024
19841023
19841022
19841021
19841020
19841019
19841018
19841017
19841016
19841015
19841014
19841013
19841012
19841011
19841010
19841010
19841009
19841008
19841007
19841006
19841005
19841004
19841003
19841002
19841001
19840930
19840929
19840928
19840927
19840926
19840925
19840924
19840923
19840922
19840921
19840920
19840919
19840918
19840917
19840916
19840915
19840914
19840913
19840912
19840911
19840910
19840909
19840908
19840907
19840906
19840905
19840904
19840903
19840902
19840901
19840829
19840828
19840827
19840826
19840825
19840824
19840823
19840822
19840821
19840820
19840819
19840818
19840817
19840816
19840815
19840814
19840813
19840812
19840811
19840810
19840809
19840808
19840807
19840806
19840805
19840804
19840803
19840802
19840801
19840730
19840729
19840728
19840726
19840725
19840724
19840723
19840722
19840721
19840720
19840718
19840717
19840716
19840715
19840714
19840713
19840712
19840711
19840710
19840709
19840708
19840707
19840706
19840705
19840704
19840703
19840702
19840701
19840629
19840628
19840627
19840626
19840625
19840624
19840623
19840622
19840621
19840620
19840619
19840618
19840617
19840616
19840615
19840614
19840613
19840612
19840611
19840610
19840609
19840608
19840607
19840606
19840605
19840604
19840603
19840602
19840601
19840529
19840528
19840527
19840526
19840525
19840524
19840523
19840522
19840521
19840520
19840519
19840518
19840517
19840516
19840515
19840514
19840513
19840512
19840511
19840510
19840509
19840508
19840507
19840506
19840505
19840504
19840503
19840502
19840501
19840429
19840428
19840427
19840426
19840424
19840423
19840422
19840421
19840420
19840419
19840418
19840417
19840416
19840415
19840414
19840413
19840412
19840411
19840410
19840409
19840408
19840407
19840405
19840404
19840403
19840402
19840401
19840329
19840328
19840327
19840326
19840325
19840324
19840323
19840322
19840321
19840320
19840319
19840318
19840317
19840316
19840315
19840314
19840313
19840312
19840311
19840310
19840309
19840308
19840307
19840306
19840305
19840304
19840303
19840302
19840301
19840229
19840228
19840227
19840226
19840225
19840224
19840223
19840222
19840221
19840220
19840219
19840218
19840217
19840216
19840215
19840214
19840213
19840212
19840211
19840210
19840209
19840208
19840207
19840206
19840205
19840204
19840203
19840202
19840201
19840131
19840130
19840129
19840128
19840127
19840126
19840125
19840124
19840123
19840122
19840121
19840120
19840119
19840118
19840117
19840116
19840115
19840114
19840113
19840112
19840111
19840110
19840109
19840108
19840107
19840106
19840105
19840104
19840103
19840102
19840101
19831983
19831983
19831231
19831230
19831229
19831228
19831227
19831226
19831225
19831224
19831223
19831222
19831221
19831220
19831219
19831218
19831217
19831216
19831215
19831214
19831213
19831212
19831211
19831210
19831209
19831208
19831207
19831206
19831205
19831204
19831203
19831202
19831201
19831130
19831129
19831128
19831127
19831126
19831125
19831124
19831123
19831122
19831121
19831120
19831119
19831118
19831117
19831116
19831115
19831114
19831113
19831112
19831111
19831110
19831109
19831108
19831107
19831106
19831105
19831104
19831103
19831102
19831101
19831031
19831030
19831029
19831028
19831027
19831026
19831025
19831024
19831023
19831022
19831021
19831020
19831019
19831018
19831017
19831016
19831015
19831014
19831013
19831012
19831011
19831010
19831009
19831008
19831007
19831006
19831005
19831004
19831003
19831002
19831001
19830930
19830929
19830928
19830927
19830926
19830925
19830924
19830923
19830922
19830921
19830920
19830919
19830918
19830917
19830916
19830915
19830914
19830913
19830912
19830911
19830910
19830909
19830908
19830907
19830906
19830905
19830904
19830903
19830902
19830901
19830830
19830829
19830828
19830827
19830826
19830825
19830824
19830823
19830822
19830821
19830820
19830819
19830818
19830817
19830816
19830815
19830814
19830813
19830812
19830811
19830810
19830809
19830808
19830807
19830806
19830805
19830804
19830803
19830801
19830729
19830728
19830727
19830726
19830725
19830724
19830723
19830722
19830721
19830720
19830719
19830718
19830717
19830716
19830715
19830714
19830713
19830712
19830711
19830710
19830709
19830708
19830707
19830706
19830705
19830704
19830703
19830702
19830701
19830629
19830628
19830627
19830626
19830625
19830624
19830623
19830622
19830621
19830620
19830619
19830618
19830617
19830616
19830615
19830614
19830613
19830612
19830611
19830610
19830609
19830608
19830607
19830606
19830605
19830604
19830603
19830602
19830601
19830529
19830528
19830527
19830526
19830525
19830524
19830523
19830522
19830521
19830520
19830519
19830518
19830517
19830516
19830515
19830514
19830513
19830512
19830511
19830510
19830508
19830507
19830506
19830505
19830504
19830503
19830502
19830501
19830429
19830428
19830427
19830426
19830425
19830424
19830423
19830422
19830421
19830420
19830419
19830418
19830417
19830416
19830415
19830414
19830412
19830411
19830410
19830408
19830407
19830406
19830405
19830404
19830402
19830401
19830330
19830329
19830328
19830327
19830326
19830325
19830324
19830323
19830321
19830320
19830318
19830317
19830316
19830315
19830314
19830313
19830312
19830311
19830310
19830309
19830308
19830307
19830306
19830305
19830304
19830303
19830302
19830301
19830228
19830227
19830226
19830225
19830224
19830223
19830222
19830221
19830220
19830219
19830218
19830217
19830216
19830215
19830214
19830213
19830212
19830211
19830210
19830209
19830208
19830207
19830206
19830205
19830204
19830203
19830202
19830201
19830130
19830129
19830128
19830127
19830126
19830125
19830124
19830123
19830122
19830121
19830120
19830119
19830118
19830117
19830116
19830115
19830114
19830113
19830112
19830111
19830110
19830109
19830108
19830107
19830106
19830105
19830104
19830103
19830102
19830101
19821982
19821982
19821231
19821230
19821229
19821228
19821227
19821226
19821225
19821224
19821223
19821222
19821221
19821220
19821219
19821218
19821217
19821216
19821215
19821214
19821213
19821212
19821211
19821210
19821209
19821208
19821207
19821206
19821205
19821204
19821203
19821202
19821201
19821130
19821129
19821128
19821127
19821126
19821125
19821124
19821123
19821122
19821121
19821120
19821119
19821118
19821117
19821116
19821115
19821114
19821113
19821112
19821111
19821110
19821109
19821108
19821107
19821106
19821105
19821104
19821103
19821102
19821101
19821031
19821030
19821029
19821028
19821027
19821026
19821025
19821024
19821023
19821022
19821021
19821020
19821019
19821018
19821017
19821016
19821015
19821014
19821013
19821012
19821011
19821010
19821009
19821008
19821007
19821006
19821005
19821004
19821003
19821002
19821001
19820930
19820929
19820928
19820927
19820926
19820925
19820924
19820923
19820922
19820921
19820920
19820919
19820918
19820917
19820916
19820915
19820914
19820913
19820912
19820911
19820910
19820909
19820908
19820907
19820906
19820905
19820904
19820903
19820902
19820901
19820830
19820829
19820828
19820827
19820826
19820825
19820824
19820823
19820822
19820821
19820820
19820819
19820818
19820817
19820816
19820815
19820814
19820813
19820812
19820811
19820810
19820809
19820808
19820807
19820806
19820805
19820804
19820803
19820802
19820801
19820729
19820728
19820726
19820725
19820724
19820723
19820722
19820721
19820720
19820719
19820718
19820717
19820716
19820715
19820714
19820713
19820712
19820711
19820710
19820709
19820708
19820707
19820705
19820704
19820703
19820702
19820701
19820629
19820628
19820627
19820626
19820625
19820624
19820623
19820622
19820621
19820620
19820619
19820618
19820617
19820616
19820615
19820614
19820613
19820612
19820611
19820610
19820609
19820608
19820607
19820606
19820605
19820604
19820603
19820602
19820601
19820530
19820529
19820528
19820527
19820526
19820525
19820524
19820523
19820521
19820520
19820519
19820518
19820517
19820516
19820515
19820514
19820512
19820510
19820508
19820506
19820505
19820504
19820503
19820502
19820501
19820429
19820428
19820427
19820426
19820425
19820424
19820423
19820422
19820421
19820420
19820419
19820418
19820417
19820416
19820415
19820414
19820413
19820412
19820411
19820410
19820409
19820408
19820407
19820406
19820405
19820404
19820403
19820402
19820401
19820330
19820329
19820328
19820327
19820325
19820324
19820323
19820322
19820321
19820320
19820319
19820318
19820317
19820316
19820315
19820314
19820313
19820312
19820311
19820310
19820309
19820308
19820307
19820306
19820305
19820304
19820303
19820302
19820301
19820228
19820227
19820226
19820222
19820221
19820220
19820219
19820218
19820217
19820216
19820215
19820214
19820213
19820212
19820211
19820210
19820209
19820208
19820207
19820206
19820205
19820204
19820203
19820202
19820201
19820130
19820129
19820128
19820127
19820126
19820125
19820124
19820123
19820122
19820121
19820120
19820119
19820118
19820117
19820116
19820115
19820114
19820113
19820112
19820111
19820110
19820109
19820108
19820107
19820106
19820105
19820104
19820103
19820102
19820101
19811981
19811231
19811230
19811229
19811228
19811227
19811226
19811225
19811224
19811223
19811222
19811221
19811220
19811219
19811218
19811217
19811216
19811215
19811214
19811213
19811212
19811211
19811210
19811209
19811208
19811207
19811206
19811205
19811204
19811203
19811202
19811201
19811130
19811129
19811128
19811127
19811126
19811125
19811124
19811123
19811122
19811121
19811120
19811119
19811118
19811117
19811116
19811115
19811114
19811113
19811112
19811111
19811110
19811109
19811108
19811107
19811106
19811105
19811104
19811103
19811102
19811101
19811031
19811030
19811029
19811028
19811027
19811026
19811025
19811024
19811023
19811022
19811021
19811020
19811019
19811018
19811017
19811016
19811015
19811014
19811013
19811012
19811011
19811010
19811009
19811008
19811007
19811006
19811005
19811004
19811003
19811002
19811001
19810930
19810929
19810928
19810927
19810926
19810925
19810924
19810923
19810922
19810921
19810920
19810919
19810918
19810917
19810916
19810915
19810914
19810912
19810911
19810910
19810909
19810905
19810902
19810901
19810828
19810826
19810825
19810824
19810823
19810817
19810816
19810815
19810813
19810812
19810808
19810801
19810723
19810721
19810720
19810719
19810712
19810711
19810707
19810705
19810701
19810629
19810628
19810627
19810626
19810624
19810623
19810621
19810620
19810619
19810618
19810617
19810610
19810609
19810606
19810601
19810528
19810527
19810521
19810510
19810504
19810425
19810416
19810412
19810327
19810325
19810323
19810320
19810318
19810314
19810312
19810311
19810310
19810307
19810306
19810304
19810301
19810228
19810221
19810219
19810217
19810214
19810213
19810212
19810206
19810203
19810202
19810201
19810126
19810124
19810121
19810119
19810116
19810101
19801980
19801980
19801231
19801230
19801229
19801228
19801226
19801225
19801224
19801223
19801221
19801220
19801219
19801218
19801217
19801216
19801215
19801214
19801213
19801212
19801211
19801210
19801208
19801207
19801206
19801205
19801204
19801201
19801130
19801129
19801128
19801127
19801126
19801125
19801124
19801123
19801122
19801121
19801120
19801119
19801118
19801117
19801116
19801115
19801114
19801112
19801111
19801110
19801109
19801108
19801107
19801106
19801105
19801103
19801102
19801029
19801028
19801027
19801026
19801025
19801024
19801023
19801022
19801021
19801020
19801019
19801018
19801017
19801016
19801015
19801014
19801013
19801012
19801011
19801010
19801009
19801008
19801007
19801005
19801003
19801001
19800916
19800819
19800812
19800613
19800405
19800312
19800216
19800101
19791979
19791229
19791228
19791226
19791225
19791224
19791220
19791218
19791217
19791214
19791213
19791212
19791208
19791128
19791127
19791125
19791123
19791120
19791119
19791111
19791109
19791108
19791105
19791104
19791102
19791101
19791030
19791029
19791028
19791027
19791026
19791025
19791024
19791023
19791022
19791021
19791020
19791019
19791015
19791013
19791012
19791010
19791008
19791001
19790916
19790909
19790822
19790630
19790318
19790315
19790203
19781978
19781230
19781228
19781226
19781225
19781224
19781223
19781221
19781220
19781218
19781215
19781212
19781211
19781210
19781203
19781202
19781128
19781126
19781123
19781122
19781121
19781120
19781118
19781116
19781115
19781113
19781112
19781111
19781104
19781101
19781028
19781026
19781025
19781023
19781022
19781021
19781018
19781015
19781012
19781011
19781010
19781001
19771126
19771105
19771027
19771020
19771010
19761976
19760620
19740302
19491001abc
19491001
19491001
19283746
19283746
19216811
19216801
19191919
19191919
18888888
18283848
18273645
18181818
18181818
17171717
17171717
17051974
16899199
16899168
16899168
16899052
16897188
16897168
16888888
16888888
16881688
16881688
16816888
16816868
16816816
16816800
16161616
16161616
15975300
15975300
15935700
15935700
15151515
15151515
14789632
14789632
14785236
14736900
14725888
14725836
14725836
14725800
14725800
14259125
14159265
14141414
14141414
13888888
13800138
13709394
13579246
13579000
13579000
13572468
13572468
13524678
13456789
13456789
13345678
13245678
13245678
13243546
13160201
13149286ab
13148888
13145211
13145211
13145210
13145210
13145208
13145201
13145201
13145200
13145200
13143344
13143344
13142659
13141516
13141516
13141314
13141314
13140000
13131313
13131313
12593000
12580000
12481632
12456789
12388888
12378945
12378900
12369874
12369874
12365478
12365478
12365412
12365400
12365400
12356789
12356789
12355678
12354796
12351235
12349876
12349876
12348888
12348765
12348765
12347890
12347890
12346899
12346789
12346789
12346678
12345888
12345876
12345789
12345789
12345699
12345699
12345698
12345698
12345690
12345689
12345689
12345688
12345688
12345687
12345687
12345679
12345679
012345679
12345678z
12345678z
12345678x
12345678x
12345678w
12345678qw
12345678qq
12345678qq
12345678q
12345678q
12345678l
12345678abc
12345678abc
12345678ab
12345678aa
12345678aa
12345678a
12345678a
12345678W
12345678@
12345678..
12345678.
12345678.
12345678
12345678
012345678
012345678
0012345678
12345677
12345677
12345676
12345675
12345671
12345671
12345670
12345670
12345666
12345666
12345656
12345612
12345612
12345611
12345611
12345600
12345600
12345555
12345123
12345123
12345000
12344321
12344321
12342345
12342234
12342234
12341234
12341234
12340987
12340987
12340000
12340000
12332188
12332145
12332145
12332112
12332112
12332111
12332111
12332100
12332100
12312388
12312345
12312345
12312312
12312312
12312311
12312311
12312300
12312300
12311231
12301230
12301230
12300123
12300123
12300000
12300000
12281228
12261226
12251225
12241224
12231223
12222222
12211221
12191219
12171217
12152205
12151215
12141214
12131415
12131415
12131213
12121212
12121212
12111211
12101210
12041204
12031203
12021202
11881188
11336699
11335577
11271127
11259375
11251125
11241124
11235813
11235813
11234567
11231123
11228899
11226688
11224455
11223456
11223388
11223366
11223355
11223345
11223344
11223344
0011223344
11223311
11223311
11223300
11223300
11221122
11221122
11211121
11201120
11123456
11122233
11122233
11121314
11121314
11119999
11119999
11118888
11118888
11117777
11116666
11115555
11114444
11113333
11112222
11112222
11111222
11111122
11111122
11111118
11111112
11111112
11111111q
11111111a
11111111
11111111
11111110
11110000
11110000
11011101
11011011
11011011
11001100
11001100
10293847
10261026
10251025
10241024
10231023
10221022
10211021
10203040
10203040
10201020
10191019
10181018
10161016
10121012
10111011
10102020
10101010
10101010
10086123
10086111
10086110
10086000
10020000
10011001
10011001
10002000
10002000
10001000
10000001
10000001
10000000
10000000
09876543
09876543
09308066
09090909
09090909
8888888a
8630516boss
08520852
08290829
08080808
08080808
008008008
7758521qq
7758521a
7758521.
7758258a
07742216
07690769
07550755
07231564
07070707
07070707
007008009
007007007
007007007
06680668
06630663
6574851
06070809
06060606
06060606
6000000
05960596
05413330
5211314a
5201314qq
5201314q
5201314abc
5201314aa
5201314a
5201314a
5201314..
5201314..
5201314.
5201314.
5201314
05201314
04230423
04200116
04061992
04061018
04020323
3366994qaz
03090401
03030303
03030303
2876180com
02501806
02345678
02020202
02020202
2000000
1995818abc
01478963
1314520a
1314520QQ
1314520..
1314520.
1314520.
1314520
01314520
1237890o0
1234567z
1234567w
1234567q
1234567q
1234567k
1234567b
1234567abc
1234567abc
1234567a
1234567a
1234567.
1234567.
1234567
01234567
01234567
1234560.
01234560
01233210
01233210
01230123
01230123
1111111q
1111111a
01020304
01020304
01010101
01010101
001002003
001002003
001001001
001001001
00998877
00998877
931840
917373
903311
891129aaa
891023hh
888888
846528ydt
831101qsl
789567
750197
00724015
717816
700629gh
681478
654321abc
646656xz7
622000
584520
583413
560111aa
553929
523606
517270
513714
500599
494888
445716
445400
424384
416206
398880
371276
366113
321987
299492
290195
275431
268588
259695
257524
200919ab
200689
199771
197912wsr
193124
181899
174292xy
158762g38
155508
151475
141121
134317
131420
123789abc
123654aa
123456zzz
123456zz
123456zxc
123456zx
123456yy
123456xyz
123456xx
123456www
123456ww
123456wifi
123456wang
123456ss
123456sa
123456qwerty
123456qwer
123456qwe
123456qwe
123456qw
123456qw
123456qqq
123456qq
123456qq
123456qaz
123456qaz
123456pp
123456ok
123456ok
123456mm
123456ly
123456ll
123456lj
123456liu
123456li
123456kk
123456jj
123456ff
123456dd
123456cc
123456bb
123456az
123456asd
123456asd
123456as
123456as
123456abcdef
123456abc
123456abc
123456ab
123456ab
123456aaa
123456aaa
123456aa
123456aa
123456YIyi**
123456TT
123456ASDF
123456ABCD
123456ABCD
123456@@
123456.0
123456...
123456...
123456..
123456..
123456++
123456**
123456
00123456
00123456
000123456
000123456
123321ww
123321qwe
123321qq
123321abc
123321aaa
123321aa
123321
123123qwe
123123qq
123123asd
123123abc
123123aaa
123123aa
123123..
123123
00123123
123000
00112900
112244abc
112233qq
112233aa
00112233
00112233
0111424dd
000111222
000111222
111206
111111qqq
111111qq
111111aaa
111111aa
111111
108144
106815
99999
0000099999
98765
96789
88888
0000088888
66666
061112abc
55555
54726
54321
13579
012520wadll
12345ssdlh
12345qwert
12345qwert
12345qwe
12345qaz
12345asdfg
12345asd
12345abcde
12345abcde
12345abcd
12345abc
12345abc
12345%40baidu
12345
00012345
12300a00a
12181
00011185
11111
0000011111
10086
00009999
00009999
8888baolong
00008888
00008888
00007777
00006666
6288
00005555
00003333
2627f68597
00002222
2012comeer
2010comer
2008cf2008
2008Jiayou%3F
1914
1234zxcv
1234rewq
1234qwer
1234qwer
1234asdf
1234abcd
1234abcd
1234aaaa
1234ASDF
1234
01234
00001234
00001234
1111qqqq
1111aaaa
1111aaaa
1111
00001111
00001111
00001107
951ljb753
800best.com
534f4b4354
520fagnsg
360buy123456
255eadccb7
255eadb095
192.168.1.1
123.123.
123zxc123
123qweqwe
123qweasd
123qweasd
123qwe456
123qwe123qwe
123qwe123
123qazWSX
123qaz123
123asdfg
123asd123
123abcdef
123abcabc
123abc456
123abc456
123abc123abc
123abc123
123abc123
123a123a
123QWERT
123QWEASDZXC
123ABCDE
123
00000123
000000123
111
72c08049a5
46Z5T6
12qwaszx
12cmcc
11qqaazz
00000011
00000011
10Y%2540QQcom
9j7Tbe
9Btspa
00000009
000000009
00000008
7xiongV5
7t5u9zan
7rfRFU
7gL7eW3Q
7daysinn
00000007
00000007
5i5i5i5i
4Seasons%402013
3.141592654
3.1415926535
3.141592653
3.14159265
3.1415926
3.1415926
3kbzewdb
3gHa99tT5D
2wsxcde3
2wsx3edc
2c8b13c357aa
00000002
1z2x3c4v
1rtj689d
1r2t3y4u
1qazzaq1
1qazxsw23edc
1qazxsw2
1qazxsw2
1qaz@wsx
1qaz2wsx3edc
1qaz2wsx3edc
1qaz2wsx
1qaz2wsx
1qaz1qaz
1qaz!QAZ
1qa2ws3ed
1q2w3e4r5t6y
1q2w3e4r5t
1q2w3e4r
1q2w3e4r
1q1q1q1q
1k55649699J7
1h2h2h3h4h
1e40ed34c9
1a2s3d4f5g
1a2s3d4f
1a2b3c4d5e
1a2b3c4d
1a2b3c4d
1a1a1a1a
1Q2W3E4R5T
1A2B3C4D5E
1
00000001
00000001
000000001
000000001
0000000001
0.123456789
0.123456789
0.123456
0.123456
zzzzzzzzzz
zzzzzzzzz
zzzzzzzz
zzzzzzzz
zzzzxxxx
zzzz1111
zzz123456
zzxxccvv
zz123456
zz123456
zz123123
zycggytkqb
zy123456
zy123456
zxzxzxzx
zxczxczxc
zxczxc123
zxcvzxcv
zxcvbnmzxcvbnm
zxcvbnmz
zxcvbnmm
zxcvbnmm
zxcvbnml
zxcvbnml
zxcvbnmasdfghjkl
zxcvbnmasd
zxcvbnmas
zxcvbnma
zxcvbnma
zxcvbnm123456
zxcvbnm123
zxcvbnm123
zxcvbnm1
zxcvbnm1
zxcvbnm0
zxcvbnm.
zxcvbnm,./
zxcvbnm,
zxcvbnm%5C
zxcvbn123
zxcvb123
zxcvasdf
zxcv123456
zxcv1234
zxcv1234
zxcasdqwe
zxc123zxc
zxc123456789
zxc123456
zxc123456
zxc12345
zxc123123
zxasqw12
zx123456
zx123456
zw123456
zteztezte
zt123456
zsj201006
zsj123
zq123456
zq123456
zoo-1573
zmczmc12
zlgslnmylby
zl123456
zl123456
zj123456
zj123456
zic790823
zhuzhuzhu
zhuang123
zhu123456
zhu123456
zhouzhou
zhouying
zhouyang
zhoujing
zhoujielun
zhoujian
zhoufeng
zhouazhou
zhou123456
zhou123456
zhou1234
zhongqi123
zhongnan
zhonghua
zhongguoren
zhongguo
zhimakaimen
zhenzhen
zhengwei
zhendeaini
zhaozhao
zhaoyang
zhaopeng
zhaoming
zhaoliang
zhaojing
zhaojian
zhaofeng
zhao123456
zhao123456
zhao1234
zhao1234
zhanshen
zhangzhi
zhangzhen
zhangzhang
zhangyun
zhangyue
zhangyuan
zhangyong
zhangying
zhangyao
zhangyang
zhangyan
zhangyan
zhangxin
zhangxiao
zhangwen
zhangwei
zhangwei
zhangting
zhangtao
zhangtao
zhangshuai
zhangsan
zhangrui
zhangquan
zhangqing
zhangqiang
zhangqian
zhangping
zhangpeng
zhangning
zhangnan
zhangming
zhangmin
zhangmeng
zhanglong
zhanglin
zhangliang
zhanglei
zhanglei
zhangkun
zhangkai
zhangjun
zhangjing
zhangjin
zhangjie
zhangjie
zhangjian
zhangjian
zhangjia
zhanghua
zhanghong
zhangheng
zhanghao
zhanghan
zhangfeng
zhangfei
zhangfan
zhangdong
zhangchi
zhangcheng
zhangchen
zhangchao
zhangbing
zhangbin
zhangXIANG
zhang888
zhang521
zhang520
zhang1988
zhang1987
zhang1986
zhang123456
zhang123456
zhang1234
zhang1234
zhang123
zhang123
zhang
zhan1234
zh123456
zh123456
zf526546543
zero696295
zcwdclqscll
zc123456
zc123456
zaqxswcde
zaqwsxcde
zaqwsxZXC
zaqwsx123
zaq1xsw2
zaq12wsx
zaq123456
zaq12345
zaiwa1124
zaglylc369
z3261678
z3255500
z1x2c3v4
z123456789
z123456789
z12345678
z12345678
z1234567
z1234567
z123123123
z1231231
z11111111
z1111111
z0000000
yyyyyyyy
yyyyyyyy
yygjmy333
yydq1234
yy5201314
yy12345678
yy123456
yy123456
yx12345678
yx123456
yueyue521
yuanyuan
yuanyuan
yuanchao
yuan1234
yu123456
yu123456
yt123456
yskj33333
ys123456
youloveme
youkofa569
youandme
youaifa569
yongyuan
yongheng
yl123456
ykvpoia569
yj123456
yingying
yingxiong
yh19930124
yh123456
yh123456
yesterday
yc123456
ybnkoia569
yb123456
yangzhen
yangyong
yangyang
yangyang
yangxiao
yangshuai
yangqing
yangpeng
yangning
yangming
yangling
yangjing
yangjian
yangguang
yanggektv
yangfeng
yangcheng
yangchao
yangbing
yang123456
yang123456
yang1234
yang1234
yan123456
yaho982er
y123456789
y123456789
y12345678
y1234567
y1234567
xz123456
xy123456
xy123456
xxxxxxxxx
xxxxxxxx
xxx123456
xxwwan1314
xx123456
xx123456
xuanxuan
xu123456
xu123456
xpyp2012
xm123456
xj123456
xixihaha
xiongxiong
xiong123456
xinxinxin
xinxin13d
xinwen1986
xingxing
xingxing
xingkong
xingaixing
xihuanni
xiazhili
xiaozhuzhu
xiaozhang
xiaoyuer
xiaoyu520
xiaoyong
xiaoying
xiaoyang
xiaoxiong
xiaoxiao
xiaoxiao
xiaoxiang
xiaotian
xiaotang
xiaoqing
xiaoqiang
xiaoqiang
xiaoqian
xiaoping
xiaopeng
xiaopang
xiaoming
xiaomeng
xiaolong
xiaoliang
xiaolang
xiaokang
xiaojing
xiaojidunmogu
xiaojiang
xiaojian
xiaohong
xiaoguang
xiaogang
xiaofeng
xiaofang
xiaodong
xiaochao
xiaobudian
xiaobing
xiao123456
xiao123456
xiao1234
xianjian
xiangxiang
xiang123
xet2%3BmBk
xe3trlle
x3561668
x123456789
x123456789
x12345678
x12345678
x1234567
x1234567
wz123456
wz123456
wyyylnternet
wyyy20121001
wy123456
wy123456
wx123456
wx123456
wwwyhjd198cn
wwwwwwwwww
wwwwwwwww
wwwwwwww
wwwwwwww
wwwuploves
wwwswcy588
wwwshitacnet
wwwcsdnnet
www123456789
www123456
www123456
www12345
www12345
www.hzqz.com
www.csdn.net
www.baidu.com
www.baidu.com
www.163.com
ww2121
ww123456
ww123456
ww111111
wvtest
wuyongchong
wuxian168
wushuang
wuqiaiwomm
wuminwifi
wumeichaoshi
wu123456
wu123456
wsw800168
wsadwsad
ws123456
ws123456
wq123456
wpa%252Fwpa2psk
wozhidao
wozhiaini
woxihuanni
woxihuan
woxiangni
wowowowo
wowangle
woshizhu
woshiyizhiyu
woshiwo123
woshitiancai
woshishui
woshishuaige
woshishen
woshishei
woshishabi
woshiren
woshinidie
woshinidaye
woshinibaba
woshinibaba
woshihaoren
woshi123
woshi007
workhard
worinima
wonderful
womendeai
wokaonima
wojiushiwo
wohenhao
wohenaini
wohaishinidie
wodezuiai
wodeweilai
wodeshijie
wodemingzi
wodemima
wodemeng
wodedipan
wodecsdn
wodeai123
wocaonima
wocaonima
wobuzhidao
wobuzhidao
wobugaosuni
wobuaini
woaiwoziji
woaiwolaopo
woaiwojia
woaiwojia
woaiwodejia
woaitl520
woainiya
woainiwoaini
woainimama
woainima
woainilaopo
woainiaa
woaini99
woaini521
woaini520
woaini520
woaini2008
woaini1314
woaini1314
woaini123456
woaini123
woaini123
woaini12
woaini111
woaini110
woaini11
woaini00
woaimeinv
woaimama
woaijing
woaideren
woaibaobao
woaibabamama
wo123456
wo123456
wltg2010
wl627330
wl123456
wl123456
wj123456
wj123456
wingzero
windowsxp
windowswindows
windowss
windows98
windows2000
windows123
windows1
wiiisa222
wiii2dsE
wiii2ds1
wifimima
wifi2013
whosyourdaddy
whoareyou
whbs2234
wh123456
westlife
wen123456
welcomeph
welcome123
welcome123
welcome1
weiyu371
weiweiwei
weiwei520
weiwei123
weishenme
weiqiang
weijian65599710
wei123456
wei123456
weblogic
wd123456
wc625799
wangzheng
wangzhen
wangyuan
wangyonglang
wangyong
wangying
wangyang
wangyang
wangxiao
wangxiang
wangwei123
wangwang
wangwang
wangting
wangsong
wangshuo
wangshuai
wangsheng
wangqing
wangqiang
wangqian
wangping
wangpeng
wangpeng
wangning
wangming
wangmeng
wanglong
wangling
wangliang
wangkang
wangjuan
wangjing
wangjing
wangjile
wangjian
wangjian
wanghong
wanggang
wangfeng
wangfang
wangdong
wangcong
wangcheng
wangchen
wangchao
wangchao
wangbing
wangbadan
wang93
wang4040955
wang1989
wang1987
wang1986
wang1985
wang123456789
wang123456
wang123456
wang1234
wang1234
wanda_Moto
w88888888
w5201314
w4cuvji2
w123456789
w123456789
w12345678
w12345678
w1234567
vvvvvvvv
vvvvvvv
viewsonic
verygood
vern399300
vWagM9
useradmin
uc%23mobile
tzwadmin123
tyuioutfvh
tytw54
ty123456
ty123456
tujia.com
tttttttt
tttttttt
tt123456
tt123456
tsinghua
trustno1
tqtwffgcc
tp123456
toyoko-inn.com
tongyong
tongtong
tongtong
tomorrow
tj87654321
tingting
tingting
tinglove
tianyuan
tiantian
tiantian
tiantang
tianlong
tiankong
tianfeng
thinkpad
thinking
thankyou
testtest
test1234
tdpwthkv
tc123456
tblkspthkr
taotaotao
tangtang
tang123456
tang123456
taiji2365776
t839k241
t5tAMw
t123456789
t12345678
t12345678
t1234567
sz123456
sz123456
system32
system123
syncmaster
sy123456
sxg007007
sx123456
sx123456
sw123456
suzhou@562718
support123
supervisor
superstar
superman
sunyanzi
sunupsun
sunsunsun
sunshine
sunshine
sunmenga1
sunflower
sun123456
sun123456
sun12345
success777
studentwifi
stefanie
starstar
ssssssssss
sssssssss
ssssssss
ssssssss
ss123456
ss123456
srroomguest
sqnh199494
songyang
songsong
songjian
songguang
songaideng
software
sm565656
sleigh1368
slamdunk
sl123456
sky123456
sjdf2ghjt
sinachina
sin%40zhenbang
simileplun
sibs1234
shuishui
shuijing
shuchang
shuangshuang
shuaishuai
showtime
showmethemoney
showmethe
shoujiqb
shinjuku
shinichi
shily603
shevchenko
sherlock
shenzhen%40metro
shenzhen
shenyang
shenxian
shenshen
shenlong
shenjian
shengyulan
shanshan
shanshan
shangxin
shanghai
shandong
sh123456
sgepri.6186
seoshiyan
sellypaul555
sdsdsdsd
sdnpc123
sdfsdfsdf
sd123456
scucc
scandisk
sbsbsbsb
sb987654321
sb123456
sasasasa
sapphire
sao13hmt
samleiming
sa123456
s5201314
s2j3l9v5
s19920305s
s123456789
s123456789
s12345678
s12345678
s1234567
ruijie123
ruifeng112233
ruanjian
rrrrrrrr
routeinn
rootroot
rongrong
rongfan66
rmyy191812345
rmyy1918
rilidongl
rifhv123456
remember
redapple
qwqwqwqw
qwertyuiopasdfghjklzxcvbnm
qwertyuiopasdfghjkl
qwertyuiop[]
qwertyuiop123
qwertyuiop123
qwertyuiop
qwertyuiop
qwertyuio
qwertyuio
qwertyui
qwertyui
qwerty123456
qwerty123
qwerty12
qwertasdfg
qwert12345
qwert12345
qwert123
qwert123
qwerrewq
qwerqwer
qwerqwer
qwerfdsa
qwerasdfzxcv
qwerasdf
qwerasdf
qwer4321
qwer123456
qwer123456
qwer12345
qwer1234
qwer1234
qweqweqwe
qweqweqwe
qweqwe123
qwedsazxc
qweasdzxc123
qweasdzxc
qweasdzxc
qweasd123
qweasd123
qwe123qwe123
qwe123qwe
qwe123asd
qwe123456789
qwe123456
qwe123456
qwe12345
qwe12345
qwe123123
qwaszx123
qwaszx12
qw372198
qw123456
qw123456
qw123123
qunimade
question
quanquan
qsd34678321
qqwweerr
qqwweerr
qqqwwweee
qqqqwwww
qqqqwwww
qqqqqqqqqqqqqqqqqqqq
qqqqqqqqqqqqqq
qqqqqqqqqq
qqqqqqqqqq
qqqqqqqqq
qqqqqqqqq
qqqqqqqq
qqqqqqqq
qqqqqq11
qqqq1234
qqqq1111
qqqq1111
qqqaaazzz
qqq123456
qqq11111
qq888888
qq7758258
qq5211314
qq520520
qq5201314
qq5201314
qq1314520
qq123654
qq123456789
qq123456789
qq12345678
qq12345678
qq1234567
qq123456
qq123456
qq123321
qq123321
qq123123
qq123123
qq112233
qq111111
qq0000000
qq000000
qkvpoia569
qkvmlia569
qiujingni
qitian77
qingtian
qingsong
qingshan
qingqing
qingfeng
qiaoqiao
qiangqiang
qazxswedc
qazxsw123
qazxcvbnm
qazwsxqazwsx
qazwsxqaz
qazwsxedcrfv
qazwsxedcrfv
qazwsxedc123
qazwsxedc
qazwsxed
qazwsx123456
qazwsx1234
qazwsx123
qazwsx123
qazwsx12
qazwsx11
qazqazqaz
qazqaz123
qazhuang123
qaz123wsx
qaz123qaz
qaz123456789
qaz123456
qaz123456
qaz12345
qaz12345
qaz123123
qawsedrf
qasdfrghy1
qa123456
q74jgbdx3u6h8
q5201314
q1w2e3r4t5
q1w2e3r4t5
q1w2e3r4
q1w2e3r4
q1q2q3q4
q1q1q1q1
q123456q
q123456789
q123456789
q12345678
q1234567
q1234567
q1111111
q00000000
programmer
professional
princess
pps619com
pppppppp
pppppppp
pp123456
portsw0701
portsm1231
pok29q6666
pojaablog
poiuytrewq
poiuytre
pj123456
pingping
peter19751218
pengpeng
password888
password123
password111
password1
password01!
password000
password0
password!
password
passw0rdhb
passw0rd123
passw0rd
passport
passpass
pass@word1
pass623623
pass1234
paradise
panasonic
p@ssword1
p@ssword0
p@ssword
p123456789
p0o9i8u7
operation
opendoor
oooooooo
oooooooo
onepiece
okokokok
ok123456
ok123456
o0o0o0o0
nuttertools
nsnsnsns99
nqxff328
nopassword
nnnnnnnn
nnnnmmmm
nishizhu
nishiwode
nishishui
nishishei
nishengri
ningning
nihaonihao
nihaoma123
nihaogxfc
nihao123!
nihao123
nihao123
nihaihaoma
nideshengri
nicholas
nicaicai
niaiwoma
niaishui
newhappy
nevergiveup
netcore12345678
nclpf2p4
nc123456
napoleon
n3drv5s
n0n8u8soax
mz4dz1s607
myx2rsqr
mypassword
myj4008871133
my123456
my123456
msconfig
ms0123456
ms0083jxj
mrihua911911
mrf11277215
mpmk222013
moto-moto
motel168
mmmmmmmm
mmmmmmmm
mm5201314
mm123456
mm123456
mm108428
mlf12345
mingming
mingming
mimamima
mimacuowu
mima123456
mima123456
mima1234
mima1234
microsoft
michelle
miaomiao
miaomiao
mhh123456
mgzxx
mengxiang
mengmeng
mengmeng
menghuan
meiyoumima
meiyoumima
md52013wpa
marlboro
maomaomao
maomao520
maomao123
manager
manage
mamawoaini
makelove
maikuraki
maidoumaidou
maenbin1234
mac123456
maancoffee
ma123456
ma123456
m7gcmmd5
m123456789
m123456789
m12345678
m12345678
m1234567
m12315309
lzdxdyyy
lz123456
lz123456
lz11180607
ly123456
ly123456
lxsz60652
lxqqqqqq
lx19940220
lx123456
lx123456
lw810813
lw123456
lvfeididi
lv80066368
luo123456
lu198304
lu123456
lt123456
ls123456
ls123456
lr1028829
lp123456
loveyou1314
lovemyself
lovelove
lovejing
lovecsdn
love5201314
love1314
love1314
love123456
love1234
longlong
longlong
long123456
long123456
logitech
lmj12345
llllllll
llllllll
ll123456
ll123456
lkmWKG19890820
lkjhgfdsa
lk123456
ljj327
lixy12345678
lixiaolong
liwei123
liverpool
liuzheng
liuyang123
liuxiang
liutiegang
liushuai
liuliuliu
liuliang
liujianliu
liujiang
liuhaiwei
liudehua
liucheng
liuchang
liu5201314
liu123456789
liu123456
liu123456
liu12345
liu12345
lishuang
lionking
linxing7778
linrk520
linlinlin
lingling
lingfeng
lin123456
lin123456
lilylily
lilingjie1102
lililili
likelike
lightning
liaoliao
liangwei
liangliang
liang123
liang123
li7xi9bgn
li123456789
li12345678
li123456
li123456
lh123456
lh123456
lguplus100
lenovo123
ld123456
lc123456
lbjx9j11
lb851210
lb123456
lavender
laopowoaini
laopo521
laopo520
langlang
lalalala
l123l456
l123456789
l123456789
l12345678
l12345678
l1234567
l1234567
kxtn888cn
kongkong
kobebryant
km123
kkkkkkkk
kkkkkkkk
kkk52789
kk413200
kk123456
kk123456
kisskiss
kissalan
kingsoft7777
kingsoft
kingkong
kingking
kingcom5
killer123
kgna6e
keioplaza
kangkang
k123456789
k12345678
k1234567
jywjazzl
jylk1314
jy123456
jxut.edu.cn
jx123456
juventus
justsoso
justlike
justdoit
juranzhijia
juanjuan
jpl8t6
jordan23
jkljkljkl
jju2013wlan
jjjjjjjj
jjjjjjjj
jj123456
jj123456
jiushiwo
jiushini
jiushiaini
jiubugaosuni
jiubugaosuni
jisuanji
jiok98001
jinsheng
jinjinjin
jingling
jingjing
jingjing
jing006010
jin123456
jiejiejie
jiarenqb
jiaojiao
jianqiao
jianqiang
jianjian
jiangyan
jiangxin
jiangwei
jiangtao
jiangshan
jiangnan
jianglong
jianglei
jiangjun
jiangjie
jiangjiang
jiangjian
jianghui
jianghua
jianghao
jiangfeng
jiangbin
jiang123
jiang123
jianfeng
jiandanai
jiajiajia
jia123456
jh123456
jfjscy8767
jennifer
jdheh421
jdedu.net
jcismydt
jc123456
jb85811510
javazfj1jie
javascript
javajava
jason123
jasajasa
jackjack
jack123456
j2mv9jyyq6
j123456789
internet
inter123456
ingtake1
index0088
imissyou
iloveyou520
iloveyou1314
iloveyou123
iloveyou
iloveyou
ilovethisgame
ilovecsdn
ilovechina
ilikeyou
iiiiiiii
ihateyou
icecream
icandoit
iamthebest
hzzx12345
hz123456
hyjzstx8
hy888888
hy25118888
hy123456
hx2010seo
hx123456
hw800
huyunqiao
huiyuanai
huawei800
huanying
huanxiang
huanjue321
huanhuan
huangyan
huangxin
huangwei
huangtao
huanglei
huangkai
huangjun
huangjing
huangjin
huangjie
huangjian
huanghui
huanghuang
huanghua
huanghao
huanghai
huang1993
huang123456
huang123456
huang123
huang123
huaihuai
huahuahua
hu123456
hu123456
ht123456
howareyou
houcaller88
hotwind1996
hongkong
hongjuan
honghong
hld_1209
hl123456
hkjcwifi
hj123456
hj123456
hibernate
hhxxttxs
hhhhhhhhhh
hhhhhhhh
hh123456
hh123456
hengheng
helloworld
helloworld
hellohello
hello1234
hello123
hello
heliangdongshuo328422
hehehehe
he123456
he123456
hdl123456
hathaway
harrypotter
harry630
happyhappy
happyday
happyboy
happy520
happy2010
happy2009
happy2008
happy2000
happy1314
happy12345
happy123
happiness
haohaoxuexi
haohaohao
hao456250
hao123456
hao123456
hao12345
hao123.com
hantinghotels
hanjunjie123
hangzhou
handsome
han123456
haidilaoxxb
haidilao
hahahaha
hahahaHA
haha123456
haha1234
h123456789
h123456789
h12345678
h12345678
h1234567
h1234567
gzlamway
gutengda
guoliang
guoguoguo
guo123456
guo123456
gujinbiaoaa
guest123
guangguang
guaiguai
gtja2
greentree
google250
goodmorning
goodluck
goodluck
goodgood
goo78leeg
gonzo1982
gongxifacai
gongjianbu123
gongchengbu
gogogogo
gjxhsgjxhs
gggjjkkkkjhh
gggggggg
gggggggg
gg123456
gertydrj
garfield
gaoxiang
gao316
gao123456
gao123456
gameover
gafl43sz
fzz123
fy641213
fy123456
fx123456
future316
fuckyou123
fuckfuck
fsyy123456
frenzy673954
foreverlove
football
flyinsky
fksdde7039
fishfish
fighting
ffflufei
ffffffffff
ffffffff
ff19830219
ff123456
fengxiaofeng
fengpeng
fengling
fengjian
fengfeng
feng19831
feng123456
feixiang
feifeifei
feifei521
feifei123
fdsafdsa
fangyuan
fa1681688
f3rmce
f246865h
f19841205
f123456789
f123456789
f12345678
f12345678
eyesonme
explorer
evangelion
ericsson
engineer
eminence2013
eladnbin1104
einstein
eeeeeeee
eeeeeeee
ee88282116
e76FO7
e65351656
e45d23ba8665
e3mvbLG2q
dy123456
dtjgswglj
dsdL4
ds760206
download
doraemon
dongfang
dongdong
dongdong
dldldldl
dirdirdir
dingding
diandian
dgdg7234322
dg123456789
dg123456
dg123456
dfdfdfdf
df000000
detective
deppon%40123
deppon%2540123
delphi2009
dearbook
ddzj49nb3
ddzj39cd9
ddzj39cb3
ddfguygghhj
dddddddddd
ddddddddd
dddddddd
dddddddd
dd8804
dcc7d698b1cf
dby123456
daydayup
daohaosima
dangyuan
dangerous
dajiahao
dadadada
d123456789
d123456789
cyq721225
cykss-zkzbs-4804
cy123456
cy123456
cx123456
cugb2294
csdnmima
csdncsdn
csdn2010
csdn2009
csdn123456
csdn1234
csdn.net
cs123456
cptbtptpbcptdtptp
cptbtptp
cpic1234
congcong
confidence
computer
comeonbaby
code8925
cocacola
cnforyou
cndkervip
cn835312
cmccauto
cmcc12345
cmc12
clens21563sf
cj7152821
cj123456
cisco123456
cisco123
cinderella
chuangwei668
christina
chrdwhdhxt
choupiwang
chouchou
chinaren
chinachina
china6815
china2008
china123
chenzhen
chenyong
chenying
chenyang
chenxing
chenxiao
chenqiang
chenqian
chenpeng
chenming
chenlong
chenliang
chenjing
chenjian
chenglong
chenggong
chengcheng
chengang
cheng428
cheng123
cheng123
chenfeng
chendong
chencheng
chenchen
chenchen
chenchao
chen123456
chen123456
chen1234
chen1234
chaochao
changjiang
changchunshifan
champion
chai170356.
ch123456
ch123456
cet333333
cdhlg2013
cdcwl
cd123456
cd123456
cccccccc
cccccccc
ccb95533
cc123456
cc123456
capslock
caonimei
caonimama
caonimade
caonimabi
caonimabi
caonima123
caonima1
caocaocao
cao123456
cai123456
c43e15c387
c3df32ea
c123456789
c123456789
c12345678
c12345678
c1234567
c1234567
c120696363520
bysq5678
bysq1234
by7704566
bvcls
buzhidao
buzhidao
buxiaode
butterfly
bugeinishuo
bugaosuni
bugaosuni
boshigangchang
bohui888
bjtelecom
birthday
bingbing
binbinbin
benjamin
beijing2008
beckham7
beautiful
bc123456
bbscsdnnet
bbbbbbbb
bb123456
bb123456
batistuta
basketball
baolong1234
baolong123
baobei521
baobei520
baobaobao
baobao521
baobao520
bao521
bangongshi
bakhn524d
bakaishuangtui%253F%253F%253F%253F
baishikele
baidu1599
bai18dudu
babamama
bQxGzcvg7443F
b123456789
b123456789
b12345678
b12345678
b1234567
azxcvbnm
azxcvbnm
azsxdcfv
az123456
axs8873w
autoexec
aspirine
asdzxc123
asdqwe123
asdfqwer
asdfjkl;
asdfghjkl;
asdfghjkl123
asdfghjkl123
asdfghjkl
asdfghjkl
asdfghjk
asdfghjk
asdfgh123
asdfgasdfg
asdfg12345
asdfg123
asdffdsa
asdfasdfasdf
asdfasdf
asdfasdf
asdf4321
asdf123456
asdf123456
asdf12345
asdf1234
asdf1234
asddsaasd
asdasdasdasd
asdasdasd
asdasdasd
asdasd33
asdasd123
asd147258
asd123asd123
asd123asd
asd123456789
asd123456789
asd12345678
asd123456
asd123456
asd12345
asd12345
asd123321
asd123123
asd123123
asd00000
asasasas
as123456789
as123456789
as12345678
as123456
as123456
as123123
aptx4869
appleapple
apple123
apple123
apec2014
ap123456
andyandy
anainima
amuqdedwft
amp12345
alongeres173108
alhambraUSDstudents
alexander
aiwosuoai
ainiyiwannian
aini1314
aini1314
aidejiushini
ai123456
admintus
administrator
administrator
adminadmin
adminadmin
admin888
admin888
admin369
admin123456
admin123456
admin12345
admin12345
admin1234
admin123
admin123
admin
adgjmptw
adgjmptw
ad123456
ad123456
aceracer
accpaccp
ac123456
abwdxwtz
abcdefghijklmn
abcdefghijklmn
abcdefghijk
abcdefghi
abcdefgh
abcdefgh
abcdefg123
abcdefg123
abcdef123456
abcdef123456
abcdef1234
abcdef123
abcdeabcde
abcde12345
abcde12345
abcde1234
abcde123
abcde123
abcde
abcdabcd
abcdabcd
abcd8888
abcd5678
abcd4321
abcd2013
abcd123456789
abcd12345678
abcd123456
abcd123456
abcd12345
abcd12345
abcd1234
abcd1234
abcabcabc
abcabcabc
abcabc123
abc88888888
abc888888
abc88888
abc654321
abc651114
abc54321
abc5201314
abc147258
abc13824210977
abc123abc123
abc123abc123
abc123abc
abc123abc
abc1234567890
abc123456789
abc123456789
abc12345678
abc1234567
abc1234567
abc123456
abc123456
abc12345
abc12345
abc123321
abc123321
abc123123
abc123123
abc112233
abc111111
ab123456cd
ab123456789
ab123456
aassddff
aabbccddee
aabbccdd
aabbccdd
aabbcc123
aaaqqq123
aaabcabc
aaabbbccc
aaabbbccc
aaaassss
aaaabbbb
aaaaabbbbb
aaaaaaaaaaaaa
aaaaaaaaaa
aaaaaaaaaa
aaaaaaaaa
aaaaaaaaa
aaaaaaaa
aaaaaaaa
aaaaaaa1
aaaaaa5061313
aaaaaa123
aaaaaa11
aaaaa11111
aaaaa11111
aaaaBBBB
aaaa1234
aaaa1234
aaaa1111
aaaa1111
aaaa0000
aaaa0000
aaaAAA111
aaa123456789
aaa123456
aaa123456
aaa12345
aaa12345
aaa123123
aaa
aa88888888
aa888888
aa5201314
aa123456789
aa123456789
aa12345678
aa123456
aa123321
aa123321
aa123123
aa123123
aa112233
aa112233
aa111111
aa000000
a987654321
a987654321
a9012747
a89400ab
a88888888
a87654321
a7758521
a7758258
a77493618
a7654321
a5211314
a520520aa
a5201314
a2345678
a1s2d3f4g5
a1s2d3f4
a1s2d3f4
a1d749d20c
a1d747e062
a1d747d348
a1b2c3d4e5f6
a1b2c3d4e5
a1b2c3d4e5
a1b2c3d4
a1b2c3d4
a1b1c1d1
a1a2a3a4
a1a2a3a4
a1a1a1a1
a147258369
a147258369
a1314521
a1314520
a1314520
a123b123
a123a123
a123456b
a123456b
a123456a
a123456a
a12345678a
a123456789a
a1234567890
a123456789
a123456789
a12345678
a12345678
a1234567
a1234567
a123456.
a123123a
a123123123
a123123123
a11223344
a11223344
a111111111
a11111111
a11111111
a1111111
a0123456
a00000000
a0000000
a0000000
````````
`1234567
ZengWenhan0530
ZYDX8888
ZXCVBNMMNBVCXZ
ZXC12345
ZLT14dsi
ZHANGHUI
YUdean2011
YOOBAO123
YL123456
YD123123%40
YC123456
YANGGUANG
Y12345678
XiaoWang
XXXXXXXX
XUANXUAN
XM123123
XIONGWEI
X%4082wer6
Woailaopo
Webex6666
Wallace1987!
WYXY2013
WOSHINIMA
WOSHINIBA
WOAIZIJI
WH123456
WASDWASD
WANGXING
WANGHUAN
W1234567
UPC1953to2013
Tt111111
TSYw78367%23
Sina.com
SH123456
S1234567
Romantic
Qsf8ptSd
QWERT
QQQ123456
QQ7758521
QQ1234567
QIANQIAN
QCdUT3Ba
QAZWSXEDC
QAZWSXED
QAZ123456789
Q12345678
Q123123123
Q11111111
Password01!
Password!
Password
Passw0rd!
Passw0rd
Pa888888
Pa123456
POIUYTREWQ
PASSWORD123
P@ssw0rd
P4ssw0rd
P%40ssw0rd
OOOO0000
Math691129003
MPYY39cr
MOTOROLA
MINGTIAN
M1234567
Love2008
Lj123456
Lj123456
LUO123456
LOVEFOREVER
LKJHGFDSA
LIUQIANG
Kvtr1S
Jyckfyks1989
Jfew3289
JI394SU3
IQA1552013
IPAD_PUD
Hellokitty
Hellocsdn
Haohaoxuexi
HY123456
HWSHRQ
HS123456
HHHHHHHH
GyFns7
Fuyume123
Fupa%23%234489
Fairmont
FFFFFFFF
FANGFANG
FANG123456
FAN123456
DINGDANG
DD123456
D9DD5Q
Cisco123
ChinaTelecom3Ggood
CZ123456
CRCCFC#15
CHOCOLATE
CATHERINE
CAONIMA123
Baidu(wireless)user*key%2610
Baidu(wireless)user*key%252610
BBBBBBBB
BAOBAO888BAOBAO
B47S7D
Asdfghjkl;'
Abc112233
Ab12345678
Ab123456
Aa1234567
Aa123456
Aa111111
ASDFZXCV
APTX4869
ABCabc123
ABCDE54321
ABC95599
ABC12345678
AAASSSDDD
AAAASSSS
AAAAAAAAAAAAAAAAAAAA
AAAA8888
AAA12345678
AAA111111
AA8465E6A4
AA12345678
A88888888
A8888888
A5201314
A123456789a
A1234567890
A1111111
0p9o8i7u
0o0o0o0o
0000oooo
0000aaaa
000000aaa
000000aa
000000QQ
0000000a
00000000a
00000000000000000000
0000000000000
000000000000
000000000000
00000000000
00000000000
0000000000
0000000000
000000000
000000000
00000000
00000000
0000000.
000000..
000000
00000
0000....
0000
0.0.0.0.
0
..samsung511%252B%252B
..........
.........
........
........
*963.*963.
****0000
*********
********
********
%40mjjgwgmj
%402Yjbnmt
%40%40%40%40%40%40%40%40
%2520%2520%2520%2520%2520%2520%2520%2520
!QAZ2wsx
!%40%23%24%2512345
!%2540%2523%2524%252512345